 MeshVersionFormatted 2
 Dimension
 3
 Vertices
 712
                    1       1.6653345369377E-17                         0      1
     0.97288767577281       -0.0021059958251452                         0      2
     0.92568647498604       -0.0056578017189377                         0      3
     0.86783444331067       -0.0098530727812995                         0      4
     0.80322601798002        -0.014381540366327                         0      5
             0.734375        -0.019058325553674                         0      6
     0.66315062713432        -0.023731171762325                         0      7
     0.59105098499324        -0.028236202163984                         0      8
     0.51933379565441        -0.032379450644605                         0      9
     0.44908875204349        -0.035936589688477                         0      10
     0.38128156646177        -0.038689750146307                         0      11
     0.31678271437631        -0.040806789927727                         0      12
     0.25638719752818        -0.042134787538657                         0      13
     0.20082870069991        -0.042379594741711                         0      14
     0.15079007306791        -0.041294236797781                         0      15
      0.1069113023473        -0.038691137112788                         0      16
    0.069795721360087        -0.034444237797148                         0      17
    0.040014933384378        -0.028481158931176                         0      18
    0.018112786517718        -0.020766950203155                         0      19
   0.0046086275363846        -0.011282283501027                         0      20
                    0                         0                         0      21
   0.0046086275363846         0.012198699146362                         0      22
    0.018112786517718         0.024307489247839                         0      23
    0.040014933384378         0.036083846884612                         0      24
    0.069795721360087         0.047185521389121                         0      25
      0.1069113023473         0.057215890939848                         0      26
     0.15079007306791         0.065767839877407                         0      27
     0.20082870069991         0.072462293125489                         0      28
     0.25638719752818         0.076978628280204                         0      29
     0.31678271437631         0.079075510771084                         0      30
     0.38128156646177         0.078602155207776                         0      31
     0.44908875204349         0.075668844624345                         0      32
     0.51933379565441         0.070797166779573                         0      33
     0.59105098499324         0.064180593400996                         0      34
     0.66315062713432         0.056036921477748                         0      35
             0.734375         0.046635365484229                         0      36
     0.80322601798002         0.036315849080103                         0      37
     0.86783444331067         0.025534287631543                         0      38
     0.92568647498604         0.014952660609688                         0      39
     0.97288767577281        0.0056392970415476                         0      40
      1.2665769467592         -0.12565456543517                         0      41
      1.2602957750508         -0.12308627550535                         0      42
       1.249360266035         -0.11861566126192                         0      43
      1.2359512977818         -0.11314889424305                         0      44
        1.22096220191         -0.10707397449666                         0      45
      1.2049680614596         -0.10064467244378                         0      46
       1.188400479768        -0.094041160079114                         0      47
      1.1716135563608         -0.08739026165513                         0      48
      1.1549148974483        -0.080776319517913                         0      49
      1.1385812876018         -0.07425037552046                         0      50
      1.1228612751909        -0.067850683458002                         0      51
      1.1079026050401        -0.061775333638988                         0      52
      1.0939072916396        -0.056061388185832                         0      53
      1.0810980471533        -0.050665250844916                         0      54
      1.0696815540143        -0.045547629409176                         0      55
      1.0598477266684        -0.040679836021082                         0      56
      1.0517699282652        -0.036046993976167                         0      57
       1.045606227853         -0.03164825525226                         0      58
      1.0415015637854        -0.027494512104028                         0      59
      1.0395904866167        -0.023604439727696                         0      60
                 1.04                     -0.02                         0      61
      1.0426915778887        -0.016954128033758                         0      62
      1.0474544641759        -0.014728476019419                         0      63
      1.0541332123927        -0.013362077895724                         0      64
       1.062550624182        -0.012927716974778                         0      65
      1.0725139958822        -0.013516934034942                         0      66
      1.0838210504964        -0.015225381350727                         0      67
      1.0962650093488        -0.018139595453656                         0      68
      1.1096383868719        -0.022325945592967                         0      69
      1.1237352455197        -0.027822126560488                         0      70
      1.1383518068025        -0.034631131214636                         0      71
        1.15332081718        -0.042641352335048                         0      72
      1.1685412482946        -0.051554515826777                         0      73
      1.1838188768287        -0.061215867444657                         0      74
      1.1989353088016        -0.071449146310194                         0      75
      1.2136441094326        -0.082038827522893                         0      76
      1.2276577152234         -0.09271539985987                         0      77
      1.2406248430147         -0.10312644414779                         0      78
      1.2520822528359         -0.11277834172977                         0      79
      1.2613186819908         -0.12089264449349                         0      80
   -0.026169591142202         0.014715287270209                         0      81
   -0.030681642053368         0.011705384826165                         0      82
   -0.038506651888813        0.0064221005731597                         0      83
   -0.048037185784538      -0.00013927428939126                         0      84
   -0.058593082790963       -0.0075921614428603                         0      85
   -0.069734000744401        -0.015688899008883                         0      86
   -0.081142171897921        -0.024231523043969                         0      87
   -0.092579935095909        -0.033037082342433                         0      88
    -0.10386825118682        -0.041922717006467                         0      89
    -0.11487235900191        -0.050700921602725                         0      90
    -0.12547896558687        -0.059196761634624                         0      91
     -0.1354210958586        -0.067487991502204                         0      92
    -0.14460344824242        -0.075433507311802                         0      93
    -0.15302160916342        -0.082783784224991                         0      94
    -0.16067627942527        -0.089299719148719                         0      95
    -0.16756648731011        -0.094759542933676                         0      96
    -0.17368509405223        -0.098963075058829                         0      97
    -0.17901646517696         -0.10173333188731                         0      98
    -0.18353594329465          -0.1029158937764                         0      99
    -0.18721053070965         -0.10237679562478                         0      100
                -0.19                      -0.1                         0      101
    -0.19169991015929        -0.095965297312271                         0      102
    -0.19215382207826        -0.090608287369244                         0      103
     -0.1913607871599        -0.084103813052798                         0      104
    -0.18929206284365        -0.076674013688079                         0      105
    -0.18590315776726         -0.06857206357001                         0      106
    -0.18114570756117        -0.060066346157284                         0      107
    -0.17497847609232        -0.051426128486183                         0      108
    -0.16737699776475        -0.042909507955047                         0      109
    -0.15834165013073        -0.034754047605038                         0      110
    -0.14790425661547        -0.027170126951508                         0      111
    -0.13621044143209        -0.020226981712355                         0      112
    -0.12359481003246        -0.013750271311188                         0      113
    -0.11024930051562       -0.0078026133378697                         0      114
   -0.096393204782974       -0.0024507908284222                         0      115
    -0.08229411847649         0.002248808094646                         0      116
   -0.068286025447958        0.0062507952921924                         0      117
   -0.054802971143694        0.0095232685853325                         0      118
   -0.042447210400146         0.012049801356571                         0      119
   -0.032162481213692         0.013820242321288                         0      120
                 -100                      -100                         0      151
                  100                      -100                         0      152
                  100                       100                         0      153
                 -100                       100                         0      154
     -60.000000000163                      -100                         0      151
     -20.000000000313                      -100                         0      151
      19.999999999619                      -100                         0      151
      59.999999999784                      -100                         0      151
                  100          -60.000000000163                         0      152
                  100          -20.000000000313                         0      152
                  100           19.999999999619                         0      152
                  100           59.999999999784                         0      152
      60.000000000163                       100                         0      153
      20.000000000313                       100                         0      153
     -19.999999999619                       100                         0      153
     -59.999999999784                       100                         0      153
                 -100           60.000000000163                         0      154
                 -100           20.000000000313                         0      154
                 -100          -19.999999999619                         0      154
                 -100          -59.999999999784                         0      154
     -2.1868893788342           8.2847177808963                         0      1
    -0.19691560153579          0.61696375628501                         0      1
     -23.163501235842          -2.9560395314438                         0      1
   -0.067174233235267           0.2489915002674                         0      1
     -6.5769881605047          -52.234037920532                         0      1
      9.4109841146519           7.2580007912735                         0      1
      0.8239055408052           1.3770698359775                         0      1
      1.0554388219444           0.1221662620641                         0      1
     0.97762063703355        -0.094725599656282                         0      1
      0.4419437356177          -6.4645925061023                         0      1
     0.62127131714382          -3.0193891968303                         0      1
      1.0699241099049         -0.59763617683639                         0      1
     -8.0584977191448          -3.1400200075432                         0      1
    0.061993906063327          -1.1892704548742                         0      1
      1.0910029927918         -0.34962926809959                         0      1
      11.547539695646          -4.6862135534083                         0      1
      2.3117108144504          0.86647215197782                         0      1
      3.7571327666204          -1.4403124720207                         0      1
     0.82603852912019          0.50289504677369                         0      1
    -0.67472147270187         -0.61354083335227                         0      1
   -0.034821360659352        -0.099840320525164                         0      1
    -0.10171237790793         -0.38274094156514                         0      1
    -0.10449773027017         -0.19311645448524                         0      1
     0.46126888855112          -0.6809847592236                         0      1
      1.0688943682728         -0.19279886871379                         0      1
    -0.37043732673178         -0.34275567048811                         0      1
    -0.72603505180914          0.15259599533671                         0      1
     0.29821199752656          0.53356586275555                         0      1
    -0.31784943797334           0.1408750832667                         0      1
      1.2401164233775          0.13903933629808                         0      1
     0.11359794098847         -0.23756503900533                         0      1
      1.1947938094198         -0.24705228695277                         0      1
      2.4403651852897         -0.82512737722768                         0      1
     0.78666810887468         -0.27976439440919                         0      1
    -0.20955219070692         -0.19301929734169                         0      1
    -0.45180967253166        -0.075464151775657                         0      1
      1.4422693113342         0.028448871185172                         0      1
    -0.28875600808034         -0.13923265070899                         0      1
     0.99904457875989        -0.045374127398016                         0      1
      1.0380476540156        -0.097086900798226                         0      1
      2.6367490166824           6.4203687829105                         0      1
   -0.089782599734388          -0.1274931710947                         0      1
   -0.028437407007869        -0.041074711512338                         0      1
     0.49882194604914         -0.32268407811063                         0      1
    -0.14278768683555         -0.14217840371897                         0      1
    -0.17460584774885          0.13376007170532                         0      1
     0.14775294955347          0.28615983369012                         0      1
     -3.0433065540172           3.6043443682636                         0      1
      1.0896635526034          -0.1202188577709                         0      1
      1.1544685885806          -0.1597400159164                         0      1
      1.2169733239999         -0.18163734342595                         0      1
       1.379831570666         -0.28188984240965                         0      1
     -34.430353111009           49.370686903205                         0      1
       2.456668619385           43.187512831798                         0      1
     -4.9319036145959          0.13867158844162                         0      1
      1.0306655366134         0.014990656217601                         0      1
      1.1471070686205         0.068016116203357                         0      1
      1.0297540204277        -0.061156322441256                         0      1
      1.0725064200329         0.030980518778154                         0      1
    -0.17338932666005         -0.13246643538624                         0      1
    -0.20923312409098         -0.12397173821442                         0      1
    -0.02829138427273          0.13152138688456                         0      1
    -0.31187464795143        0.0023021884877601                         0      1
      -12.76167819675          -26.516951003127                         0      1
      9.4946226024446          -27.245650201065                         0      1
   -0.021571332585675         -0.01050786534361                         0      1
      55.542885649955           12.287074174092                         0      1
  -0.0085708207159064         0.040481452036825                         0      1
   -0.070862267414572          0.07447558183434                         0      1
    -0.12773090921358         0.058070935274728                         0      1
    -0.20396050085589         0.019352043206892                         0      1
     0.91556600742999          0.16107726435821                         0      1
      1.1079917626581           0.3795705389415                         0      1
   -0.064673963312967        -0.058366890762807                         0      1
      1.2127621668711         0.029772079181803                         0      1
      1.4922459495942          0.40822871982222                         0      1
     0.29035575413234         -0.21296153776963                         0      1
     -14.341874175035            9.110827263378                         0      1
      1.2666147569401        -0.020227426594763                         0      1
      1.3012683928246        -0.075473204675137                         0      1
    0.043222599409747         -0.10365217596554                         0      1
     0.34862782102079          0.28141114157997                         0      1
     0.57351542328205          0.28829422049146                         0      1
     0.90358237197349          -1.2623224317344                         0      1
      2.9761777621891           16.534344988008                         0      1
      29.388905716841            26.40218343974                         0      1
      42.531287565035          -18.934761681465                         0      1
   -0.032723122150226         0.038084697378186                         0      1
      1.0231428661519        -0.034690491263075                         0      1
      1.0242308961912        -0.020389878044958                         0      1
      1.2494478137363         -0.15858169299714                         0      1
     0.92993467318513         -0.23656264775982                         0      1
    0.064547668382237          0.14028995420915                         0      1
     0.86401881294351         -0.13183879841846                         0      1
      -59.56978788257          -29.531337352246                         0      1
     0.15413727958011         -0.53645043151261                         0      1
     0.11761169957486         -0.12104103571059                         0      1
     -44.130409939979             15.0790980198                         0      1
      2.2455666161097           -2.710080148563                         0      1
      5.3336816223126          -5.9950857917306                         0      1
      1.2704639054869         -0.24047291882274                         0      1
      1.0761271447197        -0.087910539377796                         0      1
    -0.13668051594984         -0.10858620548666                         0      1
    -0.10848419958376        -0.083735291103979                         0      1
     -3.4971912830579          -4.1943845632703                         0      1
     -8.2507403503494           -14.81473295434                         0      1
      1.2403354401071         -0.41009416672404                         0      1
     -0.1585860613884          -0.1143861825147                         0      1
     0.63759107126431         -0.19387253553666                         0      1
     -0.8668442898562           2.8098101682861                         0      1
      1.0309618327789         -0.01077128894949                         0      1
      1.3214424068067         -0.18159007970247                         0      1
    -0.17416406428813         -0.85910152284417                         0      1
      1.0544816895443        -0.065554162937747                         0      1
     0.92532307391473         -0.45844284840422                         0      1
     0.16245720660636          0.17100693607606                         0      1
   -0.002609954017367         -0.21396050773969                         0      1
    -0.53153649107327          -2.2927498053892                         0      1
     0.19511123927852           1.2317125587459                         0      1
      1.0329613564204        -0.039595827742431                         0      1
       26.83659670907           7.2152895179052                         0      1
      1.0083531653292         -0.15745236523476                         0      1
     -14.599783612325           30.339669738311                         0      1
       1.199706950062         -0.13807170949352                         0      1
     0.99574902954474         0.047556673610597                         0      1
      7.4198544090227           2.9067980549649                         0      1
       0.420574512858         -0.17004677033118                         0      1
    0.020810571116219         0.094501732205941                         0      1
      2.0165205173995         -0.15351994779064                         0      1
      1.5401822409833         -0.13960698894352                         0      1
     0.63901079663103         -0.51885064039413                         0      1
    0.011735425365059        -0.068439621214536                         0      1
      1.1274246147783         -0.11159424165943                         0      1
     -9.1670239838098           17.760647677683                         0      1
      0.7937338594929           0.1861772449345                         0      1
      28.513855771295          -60.952279347409                         0      1
      1.1672644791078         -0.12287798607285                         0      1
   -0.092962687154073         -0.06733385017836                         0      1
        1.28260043362         -0.10080795055253                         0      1
      1.2601383910034        -0.065541089329343                         0      1
  -0.0010597323538625        -0.039894552498806                         0      1
   -0.081747759737857          0.03685947068632                         0      1
   -0.045883667552698         -0.17054897889264                         0      1
     0.94455395396751        -0.059317438993499                         0      1
   -0.021896067350833        0.0015814709297352                         0      1
   -0.010747914987556           0.0138552898366                         0      1
      5.1249386954873          -16.741509544957                         0      1
     -1.4335891035792           1.5517438219641                         0      1
      16.755697067814           4.0807373877161                         0      1
   -0.050860142380957        -0.029481489024821                         0      1
      2.0311888630532           3.9033103341036                         0      1
      1.1533578641769        0.0085091230132964                         0      1
      1.1098018470872         0.019441115601762                         0      1
      1.0469783375562        0.0046043158972042                         0      1
    0.022006286990922         -0.35987495058058                         0      1
    -0.11491070078609         0.024878871268446                         0      1
      1.2120076922076        -0.024523034794866                         0      1
    -0.14481285890734        0.0038104318866131                         0      1
      1.0312841557962        -0.029553133601228                         0      1
      1.5182181171605          -1.1631328684498                         0      1
   -0.070698007156397        -0.099346126115888                         0      1
      28.967303334646          -11.120321138838                         0      1
      1.1821109552245        -0.012371201462979                         0      1
   -0.052849746302071         0.031224656398725                         0      1
      0.3086816918699          -0.4172600008193                         0      1
     0.22646752988306         -0.14412697742659                         0      1
      61.950537849091           52.394253639582                         0      1
      1.2340637771857         -0.13904824726231                         0      1
     0.93136330782826         -0.15273611692014                         0      1
     -53.092002202029          -5.4094460165221                         0      1
     -39.192932633237           -23.35014216088                         0      1
     0.56618022795502           0.6523725058846                         0      1
     0.71970881219896         -0.13874855552538                         0      1
  -0.0071532694887918          0.49819162933714                         0      1
     -3.2569674667293          -1.7997199115563                         0      1
     -10.109404141913            4.443774758679                         0      1
     -2.4589653525304         -0.22460414036253                         0      1
      1.1036233221951        -0.093314999563614                         0      1
    0.011578908146618         -0.15075481666239                         0      1
      3.4708149701527          0.07809470715039                         0      1
      1.7516878358169         -0.66075150919767                         0      1
       3.925580108944           2.2441028670517                         0      1
    0.078547744399886          0.72136473109205                         0      1
     -15.626552041757          -8.5811156254131                         0      1
    0.022425901259252         0.059876379570424                         0      1
      0.9985033038198         -0.07864354020105                         0      1
     -40.642998356172          -69.723564478913                         0      1
    -0.17385684332754         -0.11307943562382                         0      1
   -0.027405776890257         0.074246034040723                         0      1
   -0.020393465894916          0.02927706196807                         0      1
      1.1297875629563          -0.2289859645187                         0      1
     0.79857429180402         -0.88764496861539                         0      1
   -0.036767628347032        -0.015590210240912                         0      1
      1.0448995575506        -0.054480544463663                         0      1
    -0.49301948871733          -1.4112081987447                         0      1
      1.2481695145821           1.0175102105527                         0      1
      1.7349290189262           1.8518008008695                         0      1
     0.29693295539503          0.18938507744972                         0      1
     0.99565749715951        -0.018403505621427                         0      1
      1.0410589461729        -0.008082028822461                         0      1
   -0.031964674763673        -0.071480481714123                         0      1
    -0.12749827085496        -0.086591490746687                         0      1
      32.677702343356           59.943814138123                         0      1
      1.8636923300824          -4.6683130037336                         0      1
    -0.15792105677647         -0.30311930828096                         0      1
       1.134131387528          0.16681233910454                         0      1
     -1.2292376327363          -4.5045735801833                         0      1
     -3.4102971087624          -8.0566855243521                         0      1
     0.48324206184084          0.20284287817072                         0      1
     0.41320092943635           -2.019765728175                         0      1
    0.083928997758306        -0.079056090354132                         0      1
     0.55915319154107         -0.15450308125106                         0      1
    -0.29742437561552         -0.56774151226885                         0      1
      1.0073164942861         -0.10915323496073                         0      1
     0.64501104610836         -0.32568969155019                         0      1
      1.0319779644578        -0.020914070650088                         0      1
      -74.10946008757           46.014048700282                         0      1
      1.2364606607964          -1.9407058755432                         0      1
     0.64070153696514          0.18052223186312                         0      1
   -0.062544723553147         -0.27204392061594                         0      1
     0.97235680831032        -0.035528859742776                         0      1
      1.0028860936678         -0.23113135294595                         0      1
      1.7001821064068          0.25245088664538                         0      1
      15.964506633449          -15.242971922597                         0      1
     -27.650607242701          -43.989517205067                         0      1
      17.340915594953            19.55541035171                         0      1
   -0.072062008400657         -0.61849668885947                         0      1
   -0.076344578136636        -0.042448950816739                         0      1
      0.3464939450465           2.4279780426649                         0      1
      1.0432305547151        -0.041373980631893                         0      1
      1.2677840977091         -0.10247468495173                         0      1
     0.92340906157361        -0.098891743091309                         0      1
    -0.14596778181263        -0.098309377559347                         0      1
      1.0816035328552         0.008552578961291                         0      1
     0.19002909837177         -0.87390294716844                         0      1
      74.930216100402          -40.773791807042                         0      1
     0.11874446786055          0.12108403942099                         0      1
       -15.1354247018         0.053036065517059                         0      1
     0.18610682997534         -0.39088382680151                         0      1
     0.35979935078693         -0.10970151922598                         0      1
      1.2481697918272         -0.13630517793981                         0      1
     -30.518912614756           13.310912041103                         0      1
      1.0117138757131          0.20470984615403                         0      1
    -0.21286582944812        -0.067300080955235                         0      1
    -0.37652002362916          0.37637861915836                         0      1
   -0.028126646655476         0.025409688093605                         0      1
   -0.030301152947089       -0.0043965111917509                         0      1
      1.0689173561773        -0.059732328263307                         0      1
    0.046174287100048         0.065283868776485                         0      1
      27.706369423444           -30.98353952319                         0      1
      12.894294876339           -47.70256577796                         0      1
    -0.11017760113981        -0.067430891760951                         0      1
    0.071522250199639         -0.14791874735669                         0      1
     0.72149424824428           0.3000516189275                         0      1
     0.17466925036808        -0.094401018593461                         0      1
    -0.57603029269185          -12.886223727763                         0      1
    0.045800432425628        -0.060848902494066                         0      1
      1.0547805908531         -0.14016294805934                         0      1
     -0.1382047702085           5.8310292432933                         0      1
      8.9016441814781          -11.165175879234                         0      1
   0.0017287654230432         0.025845996615087                         0      1
     -66.119552060891           17.019656693098                         0      1
    -0.22526059246498         -0.39871357322659                         0      1
     0.92300620897613         0.095222474265364                         0      1
      1.1217568818616         -0.14324256759982                         0      1
      3.7496973066688          -3.6052667186308                         0      1
      7.8716333280595          -2.5369334726042                         0      1
     0.49463319479321         -0.95447671139498                         0      1
     0.85487765338215         0.094287227372896                         0      1
  -0.0088222474670931        -0.020850850182044                         0      1
     0.38184856455558           27.567533188646                         0      1
    0.011575507377275           0.2052830697652                         0      1
      1.0577779342984       -0.0020116805873097                         0      1
      1.0942064790217        -0.075325093909721                         0      1
      1.1889929641817         -0.11663966935165                         0      1
     0.87627048922435          0.28939402149459                         0      1
      1.1545731030148         -0.10480760975468                         0      1
     -8.2068426825714            77.27824858458                         0      1
    0.019944926491131        -0.040569756861525                         0      1
    -0.15742689072676        -0.099773631480657                         0      1
     0.07116400302774         0.087593501156923                         0      1
     0.63210410375172         -0.10605772435328                         0      1
     0.22637926330525          0.14046977889026                         0      1
      1.2238359642938          -0.0547615849702                         0      1
   -0.010490131934967        0.0029588930117068                         0      1
   -0.014788402708283        -0.055819752559398                         0      1
   -0.018715295350457         0.010556377575876                         0      1
     0.97581288980482        -0.063546219474096                         0      1
     -20.276734014114           18.709549688425                         0      1
       0.378523003727         -0.27511867241259                         0      1
      -6.053926097657           6.2891754935004                         0      1
    -0.45115486181237           1.6252996969641                         0      1
      62.167692287697          -14.560040284876                         0      1
     0.90049321663018        -0.057713097027201                         0      1
     -8.9696112060382          -8.4426398964917                         0      1
    -0.16642424979081         -0.10374405503998                         0      1
    -0.16443369656255         -0.17317242010163                         0      1
     0.79489073527799           11.196747789669                         0      1
      1.2844196465219         -0.16147121116951                         0      1
      1.2969369038581         -0.12794669497232                         0      1
      1.3777076691934         -0.11506948185753                         0      1
      1.1752304244073         -0.19847501307534                         0      1
      1.4083724133097           0.2070247930589                         0      1
      1.0591974815067        -0.052781219793794                         0      1
     0.12668414574333        -0.076522563246482                         0      1
       1.123954472281        -0.087672317262305                         0      1
      1.2728045380197         -0.11483722918477                         0      1
      5.7827004814436          -75.228290874039                         0      1
   -0.045675703562383        -0.049425425577025                         0      1
     0.84072698384718          0.87554634367886                         0      1
     0.34887124960857          0.13781423794338                         0      1
      1.0386175728383        -0.033247640515517                         0      1
     0.28968256059357         -0.11268355770312                         0      1
      1.0359828335599         0.055417886093548                         0      1
      1.0494805789192       -0.0067159894855418                         0      1
     0.95210182770473         0.054494038503808                         0      1
     0.99224901975528          0.10905874185589                         0      1
      1.1245586614698       -0.0048839639555994                         0      1
    -0.11261685902224         -0.15554519803799                         0      1
      1.2535986812055          0.28566474087432                         0      1
      6.3553422720145         0.031793227781851                         0      1
   -0.066023275896888        -0.029315921807746                         0      1
     0.99033783796668          -0.3288011241547                         0      1
   -0.089880499826772        -0.048079606080388                         0      1
     0.97397263665909         -0.13713046237196                         0      1
      1.1566292343516        -0.018467089839091                         0      1
      0.7089568553554          0.12856423570686                         0      1
      -1.520561734108           -1.415461889357                         0      1
     0.83484117313965        -0.074637280466849                         0      1
      0.5613117740413          0.15001375779434                         0      1
     0.16985162157406           0.1136472170462                         0      1
     0.83899101464805         -0.64325046213524                         0      1
   -0.025323687880485        0.0083216762663137                         0      1
   -0.031183294203973        0.0038373661203407                         0      1
      1.2219230304295         -0.12789827391743                         0      1
     -0.1421784779967        -0.086706523652812                         0      1
    -0.12064177700769         -0.12321911388924                         0      1
     0.41814943434215        -0.095663531109054                         0      1
    -0.05814981507102         -0.13097973286715                         0      1
     -1.2154908862224          -22.602915189876                         0      1
    -0.12278787871965        -0.072530170730808                         0      1
     -6.1336163481799           2.7203220739343                         0      1
   -0.020712966503081         0.019439702451869                         0      1
    -0.72011034381184          0.71535517355742                         0      1
      1.0168622421286       -0.0041371479804225                         0      1
       1.079776028976        -0.067450722522461                         0      1
      1.1884504117727        -0.036981919232009                         0      1
      0.1906528833078         -0.21973368807494                         0      1
   0.0037864544877878         -0.10321929550155                         0      1
    0.030841336832071          0.32044289918568                         0      1
     0.64649563728549         -0.73704150835267                         0      1
    -0.10235227966188        -0.055093597325778                         0      1
      1.3570680704331         -0.70786579854555                         0      1
      1.1019223112294         -0.90283135277283                         0      1
   -0.038394248910755         0.022875087909707                         0      1
     -55.841758661392           64.102152202667                         0      1
     -4.9655638320726           11.801750319177                         0      1
   -0.064495836625004         0.020043764837578                         0      1
   -0.094250362023265         0.015477842244644                         0      1
      1.0371307783129        -0.016350544056023                         0      1
      1.1407795318735        -0.091707696294155                         0      1
    -0.32405777547559          -37.412423708006                         0      1
  -0.0081560669229176       -0.0088408942312064                         0      1
   -0.026011006430683        -0.024397229897964                         0      1
      1.2548697608178        -0.098968193769986                         0      1
       1.246937470346        -0.086588172355469                         0      1
        1.09298431447       -0.0029825938519043                         0      1
     0.45697747040563         -0.49052872486398                         0      1
     0.41950128872363          0.13795952747593                         0      1
      1.2076214484041          -0.1171527758873                         0      1
     -3.2321295428108           1.3719148971504                         0      1
      1.3176084534775         0.061349614623221                         0      1
      -17.81757865565           -68.23508209571                         0      1
      1.2321895241146        -0.075831237867969                         0      1
       1.068598687578       -0.0034081665639129                         0      1
      1.0799043162564        -0.005316099368039                         0      1
     -69.660270059065           -63.09154716652                         0      1
      1.0335164422632         -0.44473326214807                         0      1
      1.0240188336103        -0.048616362712431                         0      1
     -1.8899029553954           -2.913947010836                         0      1
     -15.683817539967           49.981136806475                         0      1
     0.45010997241606          0.41565103151568                         0      1
      12.951908853875           31.980881527808                         0      1
   -0.078822004233886         0.016612568836264                         0      1
     0.70381685766459        -0.073406245762783                         0      1
    -0.12119800778195         -0.10211629624675                         0      1
    -0.24512450384512         -0.27928507037524                         0      1
     0.48734975088319         -0.11140603121261                         0      1
      1.1610330342029         -0.30336530500927                         0      1
      1.4385886827808         -0.48581548633423                         0      1
      1.0215915782466        -0.080650840620052                         0      1
      -17.34012840342          -17.709807527409                         0      1
     -26.035879399967          -13.148977815446                         0      1
      1.0386640498206          0.65157805013612                         0      1
      1.0738951695802         -0.27006730173987                         0      1
      1.1067386753348        -0.008135197599682                         0      1
      1.1393265624641        -0.015459037711303                         0      1
     0.95480963221159        -0.085987111014916                         0      1
   -0.091933013566089          0.12345173554063                         0      1
   -0.053624008616788        -0.076877958752661                         0      1
     0.85959096520902         -0.21552192286898                         0      1
     0.76621684727012        -0.081394354826474                         0      1
       -29.9898682326           30.708047310315                         0      1
      1.0584276035825         -0.10979928188194                         0      1
      3.1454273519932          -9.3168387569472                         0      1
    -0.15513090903936         -0.23362098441941                         0      1
       1.011433757994        -0.060155765937785                         0      1
      1.1698105333647        -0.032403215739181                         0      1
      1.0519489407225        -0.045093492708334                         0      1
     0.76915404661587         -0.41169742993678                         0      1
      1.1740696735872         -0.10570161812762                         0      1
     0.87644760040544         -0.31944957360001                         0      1
       1.201106564055        -0.051960291279449                         0      1
     -76.561502824838          -8.8492830462353                         0      1
      42.112533102208          -2.0821436015143                         0      1
     0.24601793775345         -0.30466530399566                         0      1
      1.3383616019517        -0.020161169509222                         0      1
     0.16961393201321         -0.15169247998455                         0      1
   -0.088262122094768        -0.087023029258548                         0      1
   -0.058537005517778        -0.018992273091391                         0      1
      9.3110385016835           64.811254929678                         0      1
    -0.19240735846151          0.24447712835698                         0      1
     0.55927850711015         -0.24109605424225                         0      1
     -8.9416439405164          -0.1774487047953                         0      1
     -34.917835181633          -1.1537012512354                         0      1
     0.22960704781456        -0.087145187200707                         0      1
   0.0065568721448557        -0.026672878649311                         0      1
    0.091493636755822          0.20970774554496                         0      1
   -0.010989107445221        -0.079723880668322                         0      1
   -0.013175432577293         -0.48141950749171                         0      1
      74.749837618869            29.50860462247                         0      1
      1.3120306136424          0.59617263763119                         0      1
      1.0365110153456        -0.026032590746483                         0      1
     -0.1748483029803          -0.1044710707705                         0      1
       0.335891049992          0.83817361424531                         0      1
      45.659647430582           34.370693991311                         0      1
     0.77774447929194          0.10114908770078                         0      1
     0.55779836536473        -0.086516497925109                         0      1
      1.2582534668789         -0.19338215006287                         0      1
     0.13292314482023          0.45275438536386                         0      1
     -8.9275584460975           9.8812351024834                         0      1
      1.1103636697668        -0.077168947401528                         0      1
      11.699416718905          0.47352132140082                         0      1
     0.42199189571464          -1.4720720143026                         0      1
      1.0552100662643        -0.084995381190433                         0      1
     0.71806245221676         -0.22124187166105                         0      1
   -0.074834902946406        -0.074600704088783                         0      1
   -0.048571802613702        -0.011590721987213                         0      1
    -0.06050057380635        -0.042449747014468                         0      1
      16.018286504295           10.569793239624                         0      1
       1.036771277413        -0.021380734420139                         0      1
     -5.8960174171873          -5.9958078439598                         0      1
      1.2705746563485          -0.1468345241902                         0      1
   -0.053884018848344         -0.21241746543338                         0      1
     -1.3543359790223         -0.33199983941482                         0      1
     -1.6541942289273          0.53916765137188                         0      1
      2.2395486691953          -1.6158717483609                         0      1
      1.2430856133037         -0.30820737832888                         0      1
    -0.12350108092049         0.001295688107717                         0      1
      1.0406640943415        -0.073987358741896                         0      1
    0.048126575425233         -0.27354688203595                         0      1
   -0.024697896129733         -0.13106862888978                         0      1
    -0.13488819158641          0.38424092209843                         0      1
     0.27693322087604         -0.61883005156302                         0      1
  -0.0038450128683169        0.0092867659741103                         0      1
     0.25510637148649          0.36043626931615                         0      1
      1.1886395587198         -0.16652801639992                         0      1
     0.28907067604267          0.12474464666693                         0      1
    -0.22799061795202           1.0151984165663                         0      1
      9.8978188384274           14.626613722865                         0      1
      48.187480315256          -39.551341358808                         0      1
      1.2403133687284         -0.12696281634002                         0      1
   -0.025473849715258          -1.6770132402971                         0      1
      1.0627300781138         0.010728017566201                         0      1
    -0.10851524009639        0.0083207519708734                         0      1
     0.45781810300522          0.29567604273238                         0      1
   -0.082068399089788          -0.1515874928027                         0      1
    0.017615153334893          0.14133704662137                         0      1
    -0.14192695739327         -0.48982244468235                         0      1
      60.253281486046          -71.925489812726                         0      1
      1.7315137239941          0.83448356546021                         0      1
    -0.01021534127231         0.024386741797389                         0      1
      1.0853630334606         0.068347868793032                         0      1
     0.96653059679898         -0.19526090360045                         0      1
  -0.0036941752337511         0.017114698673909                         0      1
      1.0316395712438          -0.1231462579321                         0      1
   -0.037550377545785        -0.031993813250612                         0      1
      19.114198073117          -3.7542209679559                         0      1
   -0.079467698580533        -0.058306105836563                         0      1
      50.313649973215           76.986070203384                         0      1
      1.0074219315336         0.023373429667771                         0      1
      1.2179664395745         -0.15269266820398                         0      1
     -81.158312153295          -36.294433512881                         0      1
   -0.015872278045377        -0.032461712957816                         0      1
      8.6823012139155           23.145574277328                         0      1
      1.1254744594862         -0.18095249498702                         0      1
   -0.029666662753055         0.019565145569761                         0      1
    -0.13454532857282        -0.077778703165767                         0      1
    -0.01559230069456       -0.0037541138356417                         0      1
     0.48804696452053          0.12854008204984                         0      1
  -3.129352703441E-05         0.062230373750036                         0      1
     0.63208241617072          0.43904764316144                         0      1
      1.2688069728748        -0.087039255233572                         0      1
   -0.039515129955592       -0.0024464152098586                         0      1
      -50.77023368224           37.048948304895                         0      1
      1.0489155563621         0.025650538911781                         0      1
     0.32473290294246          -4.4446683108079                         0      1
     0.54699535078755            1.022833310176                         0      1
     0.74380896448021          -1.6737165124388                         0      1
    0.012280045390242         0.041470923017471                         0      1
   -0.052520816226951          0.10097164815197                         0      1
   -0.030243076559269        -0.055094782762776                         0      1
     0.90930494195952           8.4104793813722                         0      1
      1.2598856506573          -0.1370999851533                         0      1
     0.22018404280611          0.23294203466558                         0      1
     -23.160905812726           6.2484059257086                         0      1
     0.79272959597896         -0.16330673973948                         0      1
      1.0345192697331        -0.049934527531915                         0      1
     0.90303255719338         0.054534383639767                         0      1
     0.63303435569788          0.11586354804861                         0      1
      40.170122933687           16.764123173833                         0      1
      2.7785115494261          -6.8531831714119                         0      1
      1.0332853737579       0.00022815075735557                         0      1
      1.0921139706154         -0.15547514742617                         0      1
     0.99619863259464        -0.061929913252737                         0      1
    -0.13470461087922         -0.09646197873845                         0      1
      1.1467788182953         -0.13301876320018                         0      1
      75.163458166967           76.366412903026                         0      1
      1.2518355643602          -0.1279416004331                         0      1
      5.1494239340968           5.1932766065739                         0      1
    0.062411280737663         -0.20478891493953                         0      1
    -0.14505531516218         -0.12223417013067                         0      1
     0.12014344099482         -0.17928985882929                         0      1
     0.10068747770121         -0.43404970107091                         0      1
     -32.360461999057           73.455370749488                         0      1
      1.0118252534407        -0.027998137332516                         0      1
     -0.5745170927617          -3.4367395817879                         0      1
    0.032695902684003            3.921931236064                         0      1
     -1.5101034757689           4.4259859690858                         0      1
     -2.5864860552972           5.6870505710079                         0      1
      1.2617718662747         -0.10999021882595                         0      1
   -0.050514431904884          0.01955549052071                         0      1
    -0.14874331300796         -0.10865791343441                         0      1
     0.55329197145627         -0.41613195223433                         0      1
     -23.750798974172          -26.248058834673                         0      1
     -11.217477073362          -4.6248460430376                         0      1
    0.074974705227826         -0.70135632838954                         0      1
     0.35093899683886         -0.18179898659823                         0      1
      4.8703387917801           9.6599699982275                         0      1
      1.2231429860386         -0.21220394246793                         0      1
      1.1746285790308         -0.14369439394831                         0      1
     -46.821429371011          -47.211356732262                         0      1
     0.71683565351475          0.20972557978143                         0      1
     0.42150288126948         -0.38329026833488                         0      1
    -0.15185420782496        -0.091374607213305                         0      1
     -13.372329597476          -38.005662261536                         0      1
      1.0656766928953        -0.074049985729292                         0      1
    0.077855394696837         -0.11351224598782                         0      1
     -81.601058195883           80.000000000081                         0      1
   -0.098143392148695         -0.10409556617011                         0      1
     0.94319562593337        -0.032064638661512                         0      1
     0.39249891326568          0.20751481755868                         0      1
      76.676420448207           6.7912960387713                         0      1
    -0.19231880841234         -0.11915822073446                         0      1
     0.95265161867847         -0.11345455385939                         0      1
   -0.053117734498997         0.050978088067659                         0      1
     0.48395015202809         -0.21247578126006                         0      1
    -0.11367740996566          0.18432467501274                         0      1
     -5.6234475038018          -2.4166617230919                         0      1
      22.074311910954           43.449390143076                         0      1
     0.12959941887749         -0.31718848450927                         0      1
      1.0133560243519        -0.043831747431174                         0      1
 Triangles
 1288
 219 215 297 1
 121 125 517 1
 247 155 518 1
 228 208 329 1
 166 353 403 1
 274 218 581 1
 201 200 704 1
 268 389 421 1
 152 247 518 1
 87 88 368 1
 239 151 344 1
 230 229 299 1
 239 158 597 1
 259 369 432 1
 318 273 446 1
 158 406 407 1
 360 163 546 1
 165 262 362 1
 155 247 529 1
 242 189 318 1
 23 24 650 1
 301 161 540 1
 258 350 613 1
 122 129 620 1
 189 273 318 1
 147 336 337 1
 62 63 340 1
 140 121 517 1
 150 348 396 1
 259 147 369 1
 163 360 594 1
 333 206 387 1
 170 197 215 1
 162 295 360 1
 339 2 361 1
 449 214 540 1
 293 199 374 1
 41 42 654 1
 164 271 508 1
 244 278 392 1
 200 201 437 1
 150 347 348 1
 250 188 288 1
 215 219 512 1
 380 453 688 1
 375 164 604 1
 385 142 484 1
 397 18 419 1
 422 313 525 1
 146 266 583 1
 306 217 453 1
 469 542 657 1
 242 318 414 1
 144 202 412 1
 302 364 390 1
 16 17 351 1
 261 366 590 1
 348 246 396 1
 1 2 339 1
 17 18 397 1
 158 173 597 1
 11 12 380 1
 433 227 611 1
 255 152 518 1
 262 165 398 1
 128 122 620 1
 323 314 580 1
 383 213 416 1
 185 200 437 1
 160 167 595 1
 234 372 434 1
 224 300 494 1
 134 418 561 1
 437 163 459 1
 81 483 637 1
 177 443 512 1
 265 40 631 1
 200 185 672 1
 147 337 369 1
 199 293 623 1
 337 336 621 1
 433 207 555 1
 268 202 329 1
 472 255 550 1
 161 301 479 1
 396 246 480 1
 57 58 370 1
 75 76 424 1
 326 149 354 1
 208 228 330 1
 172 241 690 1
 249 313 422 1
 362 463 535 1
 337 291 369 1
 346 148 623 1
 194 263 411 1
 284 372 538 1
 434 284 701 1
 26 27 377 1
 152 472 494 1
 272 397 419 1
 40 1 631 1
 529 247 598 1
 163 283 617 1
 443 170 512 1
 456 265 457 1
 80 41 447 1
 196 454 631 1
 290 333 588 1
 197 346 623 1
 18 19 419 1
 169 176 203 1
 22 23 401 1
 364 156 400 1
 220 219 280 1
 309 234 541 1
 321 269 530 1
 440 41 593 1
 212 275 409 1
 151 239 358 1
 236 305 379 1
 225 274 497 1
 58 59 452 1
 200 248 328 1
 312 159 450 1
 304 282 498 1
 272 221 397 1
 341 449 540 1
 157 320 322 1
 37 38 409 1
 347 245 348 1
 233 377 568 1
 276 127 620 1
 125 327 517 1
 227 433 555 1
 240 156 407 1
 386 228 495 1
 175 178 527 1
 351 17 397 1
 90 91 392 1
 238 310 565 1
 419 19 567 1
 249 355 586 1
 324 246 435 1
 254 334 600 1
 54 55 388 1
 258 151 350 1
 343 134 561 1
 274 225 411 1
 282 304 706 1
 220 441 557 1
 168 323 580 1
 220 280 643 1
 149 326 428 1
 229 260 299 1
 453 217 688 1
 145 365 513 1
 52 53 414 1
 179 339 361 1
 213 159 416 1
 319 221 489 1
 560 290 588 1
 173 158 320 1
 182 301 700 1
 210 209 539 1
 152 255 472 1
 483 386 637 1
 425 286 427 1
 154 253 335 1
 287 396 480 1
 331 165 535 1
 61 62 500 1
 334 198 600 1
 376 130 433 1
 202 144 708 1
 232 309 541 1
 265 454 457 1
 257 360 601 1
 259 432 609 1
 221 319 393 1
 175 527 546 1
 233 268 421 1
 271 472 550 1
 179 361 428 1
 230 299 356 1
 206 333 504 1
 355 249 563 1
 176 166 178 1
 316 218 378 1
 285 425 427 1
 212 383 416 1
 247 192 598 1
 3 434 701 1
 189 242 544 1
 326 354 531 1
 272 281 426 1
 539 202 708 1
 87 368 462 1
 288 511 596 1
 134 343 630 1
 261 226 366 1
 2 3 701 1
 46 47 415 1
 526 477 700 1
 244 392 481 1
 281 272 419 1
 273 189 405 1
 195 564 709 1
 391 145 448 1
 22 401 625 1
 129 376 620 1
 378 218 656 1
 310 238 402 1
 7 8 422 1
 264 475 510 1
 410 206 504 1
 64 65 413 1
 158 407 461 1
 247 152 493 1
 14 15 395 1
 542 313 657 1
 350 151 358 1
 125 126 327 1
 352 249 422 1
 280 219 424 1
 301 182 479 1
 454 196 646 1
 431 141 497 1
 283 319 602 1
 69 70 458 1
 48 49 417 1
 288 188 511 1
 95 96 420 1
 129 130 376 1
 355 174 586 1
 676 179 712 1
 234 434 469 1
 368 88 464 1
 441 177 557 1
 427 81 473 1
 468 160 595 1
 283 257 319 1
 134 135 418 1
 261 289 628 1
 242 414 486 1
 382 238 565 1
 289 146 583 1
 156 364 628 1
 81 427 483 1
 376 433 611 1
 439 231 579 1
 508 271 684 1
 230 485 676 1
 206 285 387 1
 521 194 561 1
 327 126 513 1
 156 240 400 1
 287 364 400 1
 556 488 711 1
 252 439 579 1
 271 164 491 1
 322 320 461 1
 164 375 408 1
 289 261 590 1
 270 177 441 1
 253 154 375 1
 275 212 416 1
 370 58 452 1
 375 604 687 1
 278 244 559 1
 489 161 602 1
 55 56 444 1
 308 475 632 1
 253 160 335 1
 364 205 390 1
 165 331 636 1
 360 295 601 1
 71 72 466 1
 291 399 678 1
 179 428 665 1
 4 5 469 1
 268 329 641 1
 221 272 489 1
 234 469 657 1
 393 319 671 1
 220 440 441 1
 290 449 627 1
 654 42 669 1
 167 385 484 1
 159 312 642 1
 380 12 453 1
 475 264 632 1
 316 378 564 1
 434 4 469 1
 576 343 710 1
 342 244 481 1
 229 676 712 1
 148 383 457 1
 345 162 360 1
 132 307 571 1
 253 375 687 1
 352 422 578 1
 281 419 567 1
 365 311 692 1
 185 459 477 1
 61 500 591 1
 28 29 423 1
 300 224 358 1
 222 522 606 1
 377 256 568 1
 311 533 565 1
 127 276 448 1
 375 154 408 1
 96 97 436 1
 312 168 522 1
 463 155 535 1
 165 362 535 1
 3 4 434 1
 142 314 323 1
 218 274 429 1
 24 325 650 1
 390 205 391 1
 490 412 568 1
 372 284 434 1
 356 573 591 1
 362 232 463 1
 488 171 711 1
 410 20 503 1
 161 341 540 1
 26 377 421 1
 231 308 632 1
 398 189 544 1
 230 251 485 1
 40 265 456 1
 331 172 442 1
 127 128 620 1
 157 337 621 1
 387 285 474 1
 409 38 659 1
 81 82 473 1
 280 424 514 1
 228 329 706 1
 428 326 665 1
 636 405 664 1
 82 83 474 1
 452 59 573 1
 485 196 631 1
 150 396 545 1
 310 235 311 1
 354 180 531 1
 137 138 357 1
 50 51 446 1
 533 143 565 1
 178 166 527 1
 391 205 502 1
 329 202 651 1
 197 170 346 1
 402 138 554 1
 12 13 453 1
 604 236 687 1
 352 528 707 1
 183 426 634 1
 191 231 632 1
 346 213 383 1
 192 241 598 1
 143 378 656 1
 431 188 680 1
 338 222 655 1
 528 267 707 1
 196 485 663 1
 227 302 390 1
 62 340 500 1
 165 636 664 1
 362 262 624 1
 430 217 556 1
 329 208 641 1
 39 40 456 1
 163 437 546 1
 221 393 698 1
 486 388 697 1
 193 496 645 1
 565 143 656 1
 449 183 627 1
 73 74 487 1
 242 486 697 1
 30 31 451 1
 210 186 211 1
 333 387 644 1
 402 238 645 1
 345 360 546 1
 198 334 658 1
 115 116 499 1
 35 36 467 1
 276 390 391 1
 400 240 545 1
 305 430 556 1
 219 297 424 1
 527 345 546 1
 228 304 495 1
 365 327 513 1
 200 328 704 1
 267 430 707 1
 319 257 671 1
 246 348 435 1
 472 332 494 1
 426 281 634 1
 357 496 699 1
 206 410 503 1
 307 343 576 1
 246 204 480 1
 24 25 389 1
 172 529 598 1
 86 87 462 1
 322 291 337 1
 144 412 490 1
 162 345 403 1
 11 380 478 1
 263 521 543 1
 177 363 443 1
 388 55 444 1
 177 270 363 1
 279 220 643 1
 330 386 483 1
 287 205 364 1
 357 138 402 1
 262 398 626 1
 285 473 474 1
 208 330 622 1
 313 249 586 1
 354 262 626 1
 325 24 389 1
 382 429 543 1
 275 394 693 1
 135 136 675 1
 169 167 176 1
 320 158 461 1
 184 355 563 1
 219 220 557 1
 263 194 521 1
 395 15 445 1
 480 204 502 1
 478 267 528 1
 573 60 591 1
 354 149 465 1
 360 257 594 1
 20 410 567 1
 234 309 372 1
 204 246 532 1
 302 261 628 1
 477 243 672 1
 561 194 710 1
 44 45 475 1
 311 235 692 1
 381 231 654 1
 16 351 445 1
 262 465 624 1
 392 91 481 1
 192 270 441 1
 33 34 470 1
 236 379 674 1
 231 191 579 1
 440 279 447 1
 339 179 676 1
 442 191 607 1
 42 43 669 1
 158 239 406 1
 325 268 641 1
 251 230 356 1
 141 431 680 1
 217 306 488 1
 260 229 519 1
 195 482 564 1
 218 429 656 1
 172 331 529 1
 461 407 583 1
 412 202 618 1
 390 276 611 1
 414 53 486 1
 317 468 595 1
 221 351 397 1
 454 148 457 1
 330 228 386 1
 205 287 480 1
 1 485 631 1
 243 477 526 1
 88 89 464 1
 164 408 491 1
 394 359 693 1
 293 374 507 1
 148 346 383 1
 406 240 407 1
 424 76 514 1
 283 163 594 1
 358 224 649 1
 20 21 503 1
 15 16 445 1
 119 120 495 1
 404 409 659 1
 344 151 647 1
 308 231 381 1
 138 139 554 1
 174 355 550 1
 91 92 481 1
 203 178 384 1
 295 162 570 1
 511 317 596 1
 7 422 525 1
 143 324 378 1
 90 392 492 1
 305 236 604 1
 170 215 512 1
 611 276 620 1
 266 461 583 1
 333 290 627 1
 97 98 574 1
 459 182 477 1
 415 264 510 1
 186 169 211 1
 268 325 389 1
 19 20 567 1
 93 94 476 1
 367 236 570 1
 25 26 421 1
 449 341 652 1
 257 283 594 1
 59 60 573 1
 361 2 701 1
 224 332 408 1
 351 237 445 1
 131 132 571 1
 223 349 470 1
 126 127 448 1
 450 159 534 1
 250 288 432 1
 264 415 691 1
 575 312 648 1
 229 230 676 1
 448 145 513 1
 473 82 474 1
 359 223 470 1
 369 250 432 1
 137 357 699 1
 178 175 201 1
 319 489 602 1
 205 480 502 1
 226 576 710 1
 369 291 678 1
 446 273 501 1
 249 352 563 1
 199 454 646 1
 10 11 478 1
 427 286 483 1
 422 8 578 1
 396 287 545 1
 79 80 681 1
 130 131 703 1
 531 198 547 1
 454 265 631 1
 263 274 411 1
 430 184 707 1
 415 277 691 1
 442 190 636 1
 188 482 511 1
 404 456 457 1
 444 56 549 1
 21 425 503 1
 312 450 648 1
 435 348 592 1
 485 251 663 1
 56 57 549 1
 485 339 676 1
 679 399 680 1
 564 153 709 1
 293 197 623 1
 376 611 620 1
 488 558 673 1
 310 311 565 1
 588 333 644 1
 365 145 696 1
 417 273 667 1
 46 415 510 1
 285 206 639 1
 324 143 533 1
 277 417 667 1
 146 289 590 1
 433 130 703 1
 89 90 492 1
 67 68 507 1
 496 357 645 1
 430 267 688 1
 276 391 448 1
 251 356 500 1
 309 232 624 1
 584 154 613 1
 192 247 530 1
 246 324 532 1
 592 153 686 1
 500 356 591 1
 572 216 621 1
 133 134 630 1
 241 172 598 1
 27 28 471 1
 314 142 603 1
 477 182 700 1
 53 54 486 1
 136 496 675 1
 190 442 607 1
 237 351 698 1
 9 10 528 1
 63 64 455 1
 262 354 465 1
 417 49 501 1
 341 161 569 1
 225 438 689 1
 261 555 661 1
 159 213 534 1
 311 365 685 1
 334 444 549 1
 217 430 688 1
 454 199 623 1
 174 550 552 1
 235 310 554 1
 239 344 406 1
 226 261 661 1
 6 7 525 1
 307 132 668 1
 544 242 585 1
 420 96 436 1
 233 412 618 1
 411 225 635 1
 453 13 566 1
 338 451 702 1
 117 118 498 1
 57 370 549 1
 291 181 399 1
 274 263 429 1
 506 280 514 1
 418 521 561 1
 54 388 486 1
 14 395 566 1
 241 192 252 1
 385 169 562 1
 584 350 649 1
 550 255 552 1
 310 402 554 1
 209 282 706 1
 415 47 551 1
 75 424 553 1
 399 141 680 1
 377 27 471 1
 52 414 582 1
 356 299 573 1
 48 417 551 1
 47 48 551 1
 248 420 436 1
 383 212 457 1
 188 431 482 1
 465 309 624 1
 210 211 298 1
 193 521 675 1
 583 156 628 1
 174 541 657 1
 412 233 568 1
 586 174 657 1
 459 163 617 1
 641 208 650 1
 298 112 599 1
 37 409 577 1
 394 275 416 1
 334 254 444 1
 273 405 667 1
 189 398 664 1
 332 224 494 1
 13 14 566 1
 113 114 599 1
 191 442 690 1
 49 50 501 1
 443 216 460 1
 145 391 502 1
 512 219 557 1
 484 142 609 1
 539 209 651 1
 287 400 545 1
 86 462 560 1
 187 490 568 1
 449 290 589 1
 361 284 428 1
 43 44 612 1
 28 423 471 1
 401 208 622 1
 78 79 505 1
 377 233 421 1
 36 37 577 1
 170 443 460 1
 436 97 574 1
 300 173 321 1
 85 86 560 1
 389 25 421 1
 278 464 492 1
 45 46 510 1
 194 523 710 1
 126 448 513 1
 60 61 591 1
 482 195 511 1
 201 175 437 1
 472 271 491 1
 123 133 668 1
 346 170 460 1
 290 462 589 1
 508 305 604 1
 51 52 582 1
 202 268 618 1
 286 425 605 1
 410 504 634 1
 223 359 394 1
 379 305 556 1
 222 606 655 1
 401 23 650 1
 379 556 711 1
 31 32 509 1
 21 22 605 1
 83 84 644 1
 350 584 613 1
 84 85 588 1
 403 345 527 1
 404 212 409 1
 5 6 542 1
 446 51 582 1
 592 245 709 1
 408 154 584 1
 185 477 672 1
 464 89 492 1
 498 282 524 1
 522 168 606 1
 326 531 547 1
 29 30 608 1
 488 306 558 1
 300 358 597 1
 273 417 501 1
 142 323 609 1
 462 290 560 1
 522 222 616 1
 261 302 555 1
 161 479 602 1
 155 463 518 1
 292 197 293 1
 493 152 494 1
 521 193 543 1
 279 371 447 1
 171 488 673 1
 232 541 552 1
 204 685 696 1
 291 322 670 1
 95 420 695 1
 256 187 568 1
 8 9 578 1
 50 446 501 1
 264 607 632 1
 238 382 543 1
 80 447 681 1
 366 226 523 1
 382 565 656 1
 69 458 536 1
 64 413 455 1
 357 402 645 1
 180 544 585 1
 555 207 661 1
 10 478 528 1
 149 428 538 1
 506 505 643 1
 335 160 468 1
 367 253 687 1
 463 232 552 1
 139 140 633 1
 120 81 637 1
 70 71 537 1
 65 66 515 1
 207 433 703 1
 6 525 542 1
 213 346 460 1
 474 83 644 1
 206 503 639 1
 151 258 677 1
 173 269 321 1
 440 252 441 1
 395 306 566 1
 241 252 579 1
 540 214 587 1
 132 123 668 1
 368 214 589 1
 544 180 626 1
 207 571 576 1
 464 278 629 1
 285 427 473 1
 30 451 608 1
 476 94 695 1
 237 395 445 1
 38 39 659 1
 467 36 577 1
 347 150 647 1
 244 526 700 1
 180 354 626 1
 44 475 612 1
 296 210 298 1
 525 313 542 1
 408 332 491 1
 343 307 630 1
 282 210 296 1
 72 73 548 1
 348 245 592 1
 77 78 506 1
 426 183 652 1
 1 339 485 1
 268 233 618 1
 244 342 526 1
 124 137 699 1
 161 489 569 1
 84 588 644 1
 43 612 669 1
 292 458 537 1
 481 92 638 1
 313 586 657 1
 74 75 553 1
 425 285 639 1
 489 272 569 1
 327 365 692 1
 85 560 588 1
 521 418 675 1
 136 124 699 1
 423 29 608 1
 336 147 450 1
 118 119 682 1
 142 385 603 1
 256 423 655 1
 502 204 696 1
 92 93 638 1
 168 312 575 1
 266 146 670 1
 370 260 658 1
 469 5 542 1
 223 522 616 1
 355 184 684 1
 317 315 468 1
 331 442 636 1
 76 77 514 1
 380 267 478 1
 9 528 578 1
 299 260 452 1
 495 120 637 1
 529 331 535 1
 94 95 695 1
 214 368 629 1
 301 559 700 1
 532 324 533 1
 169 203 211 1
 66 67 516 1
 116 117 524 1
 32 33 640 1
 194 411 523 1
 336 572 621 1
 236 367 687 1
 235 517 692 1
 295 674 711 1
 466 292 537 1
 475 45 510 1
 297 215 303 1
 144 490 603 1
 430 305 694 1
 153 564 686 1
 68 69 536 1
 451 31 509 1
 259 323 575 1
 35 467 660 1
 212 404 457 1
 181 670 689 1
 150 545 662 1
 340 63 455 1
 306 395 558 1
 306 453 566 1
 187 256 655 1
 301 540 587 1
 343 561 710 1
 71 466 537 1
 33 470 640 1
 497 274 581 1
 195 315 317 1
 260 370 452 1
 217 488 556 1
 141 399 653 1
 215 292 303 1
 496 193 675 1
 159 394 416 1
 238 543 645 1
 328 248 436 1
 178 201 384 1
 297 303 487 1
 173 300 597 1
 182 459 617 1
 247 493 530 1
 439 252 440 1
 299 452 573 1
 355 271 550 1
 505 79 681 1
 144 562 708 1
 34 35 660 1
 198 519 547 1
 495 304 682 1
 570 236 674 1
 303 292 466 1
 350 358 649 1
 282 296 499 1
 305 508 694 1
 503 425 639 1
 93 476 638 1
 470 34 660 1
 392 278 492 1
 266 322 461 1
 154 335 613 1
 344 240 406 1
 395 237 558 1
 39 456 659 1
 364 302 628 1
 393 237 698 1
 300 493 494 1
 302 227 555 1
 685 365 696 1
 610 225 689 1
 351 221 698 1
 292 293 458 1
 423 338 655 1
 232 362 624 1
 425 21 605 1
 277 667 691 1
 543 193 645 1
 418 135 675 1
 562 144 603 1
 458 70 537 1
 224 408 584 1
 294 413 614 1
 405 189 664 1
 405 190 667 1
 293 507 536 1
 258 468 520 1
 479 182 617 1
 289 583 628 1
 429 263 543 1
 462 368 589 1
 499 116 524 1
 114 115 615 1
 202 539 651 1
 222 338 702 1
 466 72 548 1
 329 209 706 1
 198 531 600 1
 254 388 444 1
 214 449 589 1
 410 281 567 1
 270 269 363 1
 517 327 692 1
 607 191 632 1
 684 184 694 1
 183 449 652 1
 547 519 712 1
 181 291 670 1
 325 641 650 1
 271 355 684 1
 323 168 575 1
 190 405 636 1
 490 187 580 1
 278 559 587 1
 387 474 644 1
 653 181 689 1
 335 258 613 1
 522 223 642 1
 73 487 548 1
 429 382 656 1
 258 520 677 1
 526 342 666 1
 437 175 546 1
 208 401 650 1
 190 607 691 1
 476 342 638 1
 227 390 611 1
 504 333 627 1
 562 186 708 1
 146 610 689 1
 483 286 622 1
 498 118 682 1
 570 162 619 1
 394 159 642 1
 300 321 493 1
 487 74 553 1
 162 403 619 1
 674 379 711 1
 179 547 712 1
 541 234 657 1
 426 341 569 1
 541 174 552 1
 304 228 706 1
 366 523 635 1
 606 187 655 1
 342 476 666 1
 257 601 671 1
 195 317 511 1
 353 253 367 1
 576 226 661 1
 585 254 600 1
 413 65 515 1
 223 394 642 1
 399 181 653 1
 186 210 539 1
 353 367 619 1
 225 610 635 1
 297 487 553 1
 256 377 471 1
 435 592 686 1
 153 592 709 1
 237 393 673 1
 368 464 629 1
 523 411 635 1
 184 563 707 1
 231 593 654 1
 509 349 702 1
 517 235 633 1
 607 264 691 1
 431 497 581 1
 245 315 709 1
 531 180 600 1
 164 508 604 1
 309 465 705 1
 509 32 640 1
 295 570 674 1
 334 370 658 1
 484 288 596 1
 465 149 705 1
 119 495 682 1
 260 519 658 1
 267 380 688 1
 571 307 576 1
 255 463 552 1
 559 301 587 1
 284 361 701 1
 207 576 661 1
 532 533 685 1
 280 506 643 1
 277 415 551 1
 460 216 572 1
 67 507 516 1
 534 213 572 1
 417 277 551 1
 371 279 643 1
 420 248 683 1
 150 344 647 1
 612 381 669 1
 148 454 623 1
 523 226 710 1
 281 410 634 1
 342 481 638 1
 272 426 569 1
 146 590 610 1
 251 340 663 1
 341 426 652 1
 78 505 506 1
 188 250 679 1
 407 156 583 1
 378 324 686 1
 349 509 640 1
 381 654 669 1
 349 616 702 1
 180 585 600 1
 432 288 484 1
 209 329 651 1
 294 614 646 1
 254 585 697 1
 336 450 534 1
 115 499 615 1
 373 476 695 1
 218 316 581 1
 211 203 384 1
 468 315 520 1
 149 538 705 1
 463 255 518 1
 414 318 582 1
 528 352 578 1
 398 165 664 1
 318 446 582 1
 315 245 520 1
 372 309 705 1
 428 284 538 1
 647 151 677 1
 117 498 524 1
 571 207 703 1
 442 172 690 1
 140 517 633 1
 388 254 697 1
 294 340 455 1
 579 191 690 1
 278 587 629 1
 243 526 666 1
 283 479 617 1
 245 347 520 1
 349 223 616 1
 315 195 709 1
 558 237 673 1
 241 579 690 1
 547 179 665 1
 340 294 663 1
 423 256 471 1
 235 554 633 1
 496 136 699 1
 563 352 707 1
 505 371 643 1
 670 146 689 1
 167 484 596 1
 519 229 712 1
 398 544 626 1
 393 671 673 1
 77 506 514 1
 338 423 608 1
 286 605 625 1
 183 504 627 1
 424 297 553 1
 559 244 700 1
 323 259 609 1
 332 472 491 1
 580 187 606 1
 316 431 581 1
 259 575 648 1
 196 294 646 1
 504 183 634 1
 336 534 572 1
 409 275 577 1
 275 467 577 1
 243 373 683 1
 282 499 524 1
 294 196 663 1
 258 335 468 1
 508 684 694 1
 420 373 695 1
 184 430 694 1
 520 347 677 1
 177 512 557 1
 595 167 596 1
 507 68 536 1
 213 460 572 1
 373 243 666 1
 166 403 527 1
 622 286 625 1
 176 178 203 1
 240 344 662 1
 250 369 678 1
 456 404 659 1
 564 378 686 1
 370 334 549 1
 476 373 666 1
 403 353 619 1
 344 150 662 1
 169 186 562 1
 667 190 691 1
 133 630 668 1
 248 672 683 1
 363 216 443 1
 515 66 516 1
 545 240 662 1
 601 171 671 1
 296 298 599 1
 587 214 629 1
 479 283 602 1
 475 308 612 1
 672 243 683 1
 601 295 711 1
 374 515 516 1
 431 316 482 1
 171 601 711 1
 224 584 649 1
 630 307 668 1
 322 266 670 1
 451 338 608 1
 482 316 564 1
 308 381 612 1
 340 251 500 1
 451 509 702 1
 328 436 574 1
 599 114 615 1
 610 366 635 1
 439 440 593 1
 373 420 683 1
 371 505 681 1
 585 242 697 1
 155 529 535 1
 467 359 660 1
 458 293 536 1
 413 515 614 1
 314 490 580 1
 326 547 665 1
 438 653 689 1
 470 349 640 1
 359 470 660 1
 324 435 686 1
 204 532 685 1
 131 571 703 1
 168 580 606 1
 467 275 693 1
 490 314 603 1
 145 502 696 1
 616 222 702 1
 358 239 597 1
 250 678 679 1
 450 147 648 1
 515 374 614 1
 330 483 622 1
 413 294 455 1
 605 22 625 1
 533 311 685 1
 386 495 637 1
 359 467 693 1
 519 198 658 1
 554 139 633 1
 304 498 682 1
 188 679 680 1
 671 171 673 1
 312 522 642 1
 590 366 610 1
 538 372 705 1
 401 622 625 1
 432 484 609 1
 186 539 708 1
 493 321 530 1
 447 371 681 1
 317 595 596 1
 487 303 548 1
 303 466 548 1
 385 562 603 1
 678 399 679 1
 367 570 619 1
 374 199 614 1
 347 647 677 1
 507 374 516 1
 614 199 646 1
 499 296 615 1
 296 599 615 1
 41 440 447 1
 593 41 654 1
 98 99 574 1
 99 100 704 1
 99 328 574 1
 328 99 704 1
 100 101 704 1
 101 102 704 1
 102 103 201 1
 102 201 704 1
 103 104 384 1
 201 103 384 1
 104 105 384 1
 105 106 384 1
 106 107 384 1
 107 108 384 1
 108 109 211 1
 108 211 384 1
 109 110 211 1
 110 111 298 1
 211 110 298 1
 111 112 298 1
 112 113 599 1
 141 438 497 1
 438 141 653 1
 147 259 648 1
 157 269 320 1
 269 157 363 1
 157 322 337 1
 363 157 621 1
 160 166 176 1
 166 160 353 1
 167 160 176 1
 160 253 353 1
 167 169 385 1
 269 173 320 1
 185 437 459 1
 252 192 441 1
 270 192 530 1
 215 197 292 1
 248 200 672 1
 209 210 282 1
 216 363 621 1
 220 279 440 1
 438 225 497 1
 231 439 593 1
 269 270 530 1
 End
