1.480827938015571998e-03
7.381690566665918141e+02
8.839015315350189084e-03
4.303175656590417899e-04
1.428852907439085579e-02
2.142305678407014113e+01
1.581083675202701964e-04
6.480006432586355152e-04
1.644217812842846405e-02
1.253060606481647089e-04
1.531315624482639137e+00
5.541791742053915615e-05
8.308048869105062462e-01
4.163440580504430555e-01
2.529705734570196485e-04
4.457929672349571604e+00
2.847817659396508633e-03
2.326928207600973547e-03
5.571535092685205720e-03
4.075991395010303275e-04
2.223022463392718845e-04
4.072601862746000746e-04
2.217811655274332661e-01
7.949343702758405925e+02
4.477603043885189024e-04
2.644892530932035357e-01
2.294523486955405388e-05
6.067945988219764786e+02
1.155848036819828373e+01
3.651001707354687431e-01
1.592538276021271924e-03
6.861895158112173328e-05
4.110044850035285413e-03
6.399840204376221198e-03
3.848422296534471237e-04
2.252404315761599599e-04
3.657421704101994700e-04
4.453791746011860272e-05
1.727390212597978286e-02
1.404215813231473372e-04
6.914908523519360016e-04
5.105570575484366991e+00
1.594216032871768940e+00
3.471397292172110488e-03
2.514410538409222930e-03
2.621026642299660939e-02
7.177220622629229552e-02
3.597797040810722657e-04
2.602386396671889715e-03
1.173310640958942308e+01
3.180121548243507179e-03
2.900165404762089418e-03
2.218803423092046735e-04
3.775616328508980303e-03
1.265395001529612529e+02
7.978861123524984365e-04
5.082297875347336458e+01
2.126560756446604472e+01
2.449082592361443312e-04
4.647187606182841008e-04
5.823829402587463733e-01
2.267349442509995761e-03
2.147898849944695598e+02
8.521107715173600883e-03
1.343884635898306285e-03
5.614902037485119308e+02
1.757765287043378324e-02
1.591846892718642992e-02
5.793465435277018018e-04
2.531154132695060954e-01
1.600309819608927014e-03
1.006414076244695199e-01
3.748457351729209677e+02
1.044970688494250210e-03
2.149273725162351682e-05
1.057309723404008250e-02
5.210795617252399203e-04
2.941515591731099248e-04
5.920220585737075991e-01
7.709944612588120680e-04
2.461697424217641483e-01
2.278797506863265880e+02
1.389773470372205992e-03
1.644842675568680690e-02
5.643532402332241240e-04
3.666979201838891100e+01
3.519821147920714974e-05
2.545720082085976485e-04
3.894290212429589448e-04
1.211379132090202604e-04
1.225228952894456130e-03
3.756808701234279346e-03
3.712009219770343038e-03
1.509542985092313661e+00
2.785553047407091781e-03
1.198822370660181491e+02
4.848943373169899151e-04
5.992996272326034986e-04
1.350629608157454843e-03
3.596962086036339240e-02
4.435355560395129373e-04
3.377812399970141211e-04
4.186695152189952307e-03
9.640038903401389149e-04
9.170046044816117237e-03
1.330056170620538131e-03
4.326785766650687037e-05
4.921241306883004929e-04
1.101689599479644950e-04
3.047886372335370520e-03
2.097952348149167848e-04
9.927919495445455822e-03
1.095834602674291343e-04
2.827472099881709511e+01
9.640375221516978010e-04
2.864063945441265233e-03
1.025712741550197649e-01
3.169296854642993360e-04
4.830225087263136444e-03
7.809083087250868749e-01
9.343020446709086879e-03
3.360391546170031773e+01
1.779700855150407462e-05
1.477218599371988867e-04
4.951606291581547858e-02
1.943645553521885095e-04
7.192631038446669570e-04
2.758513935691845383e-04
1.434577818771787694e+00
2.151162373375728638e-03
4.366282972412951935e+00
2.139872044860898111e-03
6.663882801186076676e+02
5.034577628647350593e+02
1.663783816814047327e+02
9.083306588582678032e+00
7.089609077516104943e-05
4.372946984799155369e-03
7.218293581850762208e-04
1.086670617156630788e-04
1.671119859815015616e+02
1.198300128363952188e-04
5.202214396045991285e-03
2.125909632576624375e+01
1.169093864146078868e-04
8.292519618937265954e-05
5.005908000211057862e-01
4.371357321431573268e+02
6.539839867448073107e+01
2.846624350253949181e-04
2.848382466374636823e-03
2.439622615609795403e-02
3.990611238810972544e-04
3.400904526794333582e-04
4.518843064491885608e-05
3.048071816294564348e-03
2.149365955281906793e+02
1.339460292396192111e-04
3.432195189649513839e-04
2.700123634190478711e-02
9.356222502421444919e-04
8.067392995412880430e-05
9.116254540156882857e-01
3.409326787153022301e-04
1.565432742589552631e-03
1.937010954205459906e-02
2.626172144971988213e-05
4.383307088091180207e-05
1.178302734769648696e-01
2.892993002505206590e+01
2.262078629566930538e-03
9.281038413132356585e-06
1.335830838921385141e-04
4.611495492360071466e+02
3.988581921222615276e-03
2.963364257266225266e-03
1.250988240477733399e-03
3.259123199220810042e-03
1.532265998298111831e-01
1.366873000690709862e-03
3.069494929598244604e-03
1.303870046157608494e-03
1.880915974370363924e-02
3.568474088804091116e-04
3.364554990586184763e-05
9.425146899670510856e-05
5.336668403885740097e-03
1.919693462824079155e-02
2.102018589238323187e+01
4.899296998913681053e-05
7.025973787990597713e-03
6.930114319890295915e-03
7.883591443077833660e-04
4.340686785349358312e-04
3.433627421868239854e-04
2.978256425615956630e-04
2.024761372754924505e-03
1.255172580569291355e-04
8.907440040563214811e-01
4.612427228806296853e+02
1.068442139066177674e+02
6.543117590999893325e-04
1.852450851646892174e-04
2.427082093421695837e-04
1.071190642152165069e-04
2.954700418836559827e-04
5.730961914688428860e-04
5.013805984190979004e+00
2.518675961251832121e+02
4.957670921980452175e-05
5.315740688202340607e+02
3.880473559060187938e+01
2.339580011279659288e+02
2.897924724406115461e-03
1.921095355988762174e-04
1.114980851064916194e-04
4.697892167676521926e-05
4.453115417933066311e+00
3.631796600611157666e-02
1.315736512115327651e-03
2.665100790411455145e-03
4.196998812277788482e-01
6.055287104194691210e+02
3.335994340433754216e-03
8.574039676058423098e-04
4.784545118250499093e-04
3.405579909607284184e-04
9.572728170584966279e+00
9.246440020778351563e-04
1.639408394773309713e-04
2.017754637485273846e-04
1.990579423237320178e+00
4.495426151866890657e-05
5.013956779900795482e+02
5.720431922872529912e-03
1.144814399196524002e-04
2.124602136330002583e-03
1.094070063730082998e-04
5.887159633627458977e-03
2.207091616238426228e-05
3.915679452466034327e-01
1.675552584310179092e-03
4.544350283076274764e+02
4.318813661358761635e+01
1.619885174291594773e-04
1.023315791715874923e+02
2.127955053891765758e+01
4.199798229468977695e+01
2.895539865854048135e-05
3.427129389696577846e+02
5.957958352950144549e-04
8.135251572647375293e-03
1.288440968047564056e-04
5.177658239986421599e-05
2.194156029018381844e+02
3.608995435968939773e+02
1.839810658557954781e+01
2.739275617750842073e+01
5.290479751100423886e-03
8.539324846795481871e-04
1.999760462032623004e-02
3.134482985991023263e+00
4.030924061248332413e-02
3.386348633114545237e+01
1.245113235305884969e-02
5.837489662066393248e-02
7.323394697275137366e-03
3.208506141944705847e-05
2.217113485370464029e-02
1.913509389803455876e-04
5.857249116895298915e-04
6.108408888304533296e-05
1.725691722881100149e-04
1.773297223638803932e-01
1.213867242081232689e+02
1.384416361513776672e-03
4.796648634962564876e-03
1.941829696367348285e-04
1.906068301713860214e+00
1.664510358125696754e-04
2.018098345181813108e-03
5.669202652687888684e-04
6.875086148614089438e-04
2.498005840593862936e-03
1.691574283597261936e-03
2.091273232295964846e-03
1.262120570781957436e-04
5.828382449365662743e-05
9.768347166667044890e-02
2.279167238960082970e-02
2.479477272283772682e-03
2.552910669845961933e-04
1.417684701993033869e+01
1.847415731911508652e-03
2.426457420202481217e+02
1.269545603075935127e-04
8.447710309620031638e-05
2.894519183476655655e-03
4.670362956937837082e-03
4.840674318563569614e+02
3.056866495303239145e-02
2.512659154680369628e-03
1.414297565775270724e-04
2.164306539952823414e+02
4.340186452959955568e-04
7.872356989483894618e-06
1.831499389021701459e-03
2.249883828016106535e-01
1.028697453453302976e-02
2.617212668744323643e-03
1.242143914703837879e+02
3.830279493681359213e+02
5.318925606157735853e-02
2.988706422761154471e-05
2.482195858167033503e-02
3.826396728678630593e-03
2.646024541373807187e-03
1.452906022648722427e-03
2.626436997016047895e-02
5.050371118443823804e+01
2.825648869882296235e-04
1.799242842668280957e+02
4.559056548935850467e-03
8.887983282008064811e-04
1.120962903618412387e-05
3.528497635891539308e-03
3.210353984108202906e-03
7.746491210721675666e-05
2.994181601503112782e-04
1.321288555168563788e-03
2.621713705910199560e-04
4.932191273534398956e-04
9.013607552809787399e-05
9.940868743908357064e-04
1.402193908331742650e-03
5.614902037477961585e+02
2.950676247990492440e-01
3.723993412973900858e-05
1.397860977336358446e-03
1.569719232531676685e-05
3.374161478076490375e-04
4.030275265567203474e-04
1.722223772463631411e-04
5.816537978464951519e-04
2.945847642538135247e-05
1.646371698922795279e-05
2.801545086773323673e-04
1.013214370193424152e+01
2.257439151944630567e+02
3.518318499456923182e-04
5.178107982466581234e+02
1.523001023338715898e-04
6.249409879971850046e+01
1.015984090906079870e-02
1.177118067870701310e+02
7.074021692689748007e-04
5.055273799289675130e-03
4.537859320760139781e+02
2.152522799844280247e-03
1.338557881480283498e-02
3.701834240903872572e-03
1.514160983082728739e-04
4.585333164479569318e-04
1.252735141223992876e-02
4.270942161823255978e-03
3.694309137953625566e+01
3.748360945625738960e+00
4.657285701087882784e-03
3.274800813497610874e-03
1.269414710659711593e-04
1.396389370036968103e+02
2.417526759271836079e-05
9.183557338698182526e-04
1.437371262065223476e-03
5.420590234029121039e-03
3.489867766754480450e-04
1.056208150507866907e-03
1.718753999573653614e-03
6.270192833283229697e-04
9.024173726931636330e-05
2.522680629233329910e+02
5.409840175981180010e+01
1.163195142295284340e-04
2.074920731659646994e-04
1.321949431871746045e-04
1.901884881122351684e-03
3.792348823848341183e-03
5.787436668675322222e-05
2.351065963709490916e+02
3.270895186254120426e-03
6.907418250713150132e-05
1.213534217643055975e-04
2.798181145536498063e-03
2.286997969046076662e+02
1.158268096130256275e+01
8.385435293689555425e-03
8.510240447039737338e-04
3.063497225589479483e-03
1.336069656457365305e-04
2.840257421652621588e+02
1.803820230350692763e-04
4.221601446860782925e-03
1.989788805662680814e-03
1.785095905770307212e+01
3.737518668934550203e-02
1.689678786997912165e-04
3.781770065053957524e+02
8.000312297785734856e-05
3.252948798006377729e+02
5.873001462888511526e+01
4.006102603692124928e-04
2.392050258706417132e-03
9.357936783615183017e-05
2.188959123091676062e+00
4.955442931819785402e-03
5.367455578060270800e-03
1.920987785417131374e-03
1.509422532295769770e+02
2.682499430922827277e-02
7.159275857975596485e-05
3.263822509756633683e-02
3.032436326321601150e-04
3.741922552025220088e-05
6.020424100209240237e+01
4.792651600064697277e+02
5.950679277177406412e-04
2.743273166474337690e-05
8.592809931489629434e-05
3.341705424259482082e-03
5.801386504626811214e-04
3.300733738570464041e-04
8.766422382409285774e+01
3.527806256026028153e-03
5.308925850124298904e+02
4.493834979133395219e-02
2.183315013057988363e+00
6.054494418681593410e-03
1.983003163197473440e-03
1.744706213096026204e+02
1.060705837832894537e-03
8.724123022388189952e+01
2.554583450366059577e-03
6.846651155075844999e-06
6.559403845059746246e-04
1.535327281216947908e-03
1.126755340564101668e-04
1.729949870232030257e-03
4.665324973363134120e+01
8.248385169827432151e+01
1.707219058905701118e-04
2.112059275749062124e+02
1.531502321674930306e-04
2.195316440207231494e+02
1.299863623029640092e-04
8.337916287848759055e-04
1.074895856200240238e-03
9.093029622825858247e-05
1.352597569955424350e-02
2.979470815431946480e-03
5.527105747178366092e-03
6.665735732281075077e-04
2.334893213163068137e-04
2.017783195524969903e-04
5.538908503345055245e-04
4.545889396893095652e-05
1.631515124936727901e+00
3.868929054624047157e-04
3.902208676791890651e-05
4.623931209067821513e+00
3.647831967750798585e-03
6.621705908873296367e-05
5.365816920419676173e+00
5.081975309368021954e+01
2.135315490788530085e-03
7.198627539068349179e+00
1.497411812980470412e-03
3.034373503071687992e+02
1.378140152913046729e-04
6.073379683076778335e-01
8.394812495008027167e-04
1.981398456551826393e-03
5.789721359122797478e-05
4.610662703258896045e+01
2.124170297444103947e-04
1.651616545706258241e-04
9.689547917991373849e-05
2.439386528042111757e-02
3.370423314557328964e-03
2.245962426584259888e-04
4.223856861266968993e-03
5.771452213801779862e+00
2.213004608601562562e-04
1.136767181693924345e-03
1.226658960105564411e-01
6.638172393895342143e-05
8.042628954692155208e-04
5.207980575776377497e-05
1.376670274218910360e-03
1.129882985673113183e+00
1.588692751263130754e-04
4.687699435024433114e+02
8.942453890650556292e-03
7.743745500513900520e-05
6.202043702231513356e-03
7.116432712149706186e-03
9.376767092941826753e-01
2.445074456456891587e-03
3.391889564382525890e+01
9.441900242543245936e-05
1.368370554789956166e-02
5.296243076001946881e-03
4.475681521258521229e+02
7.447007457360442118e+00
1.101473091416861551e-04
1.307139090820174754e-05
4.816287013795078620e-04
1.968745027293109656e-04
8.298537724428740880e-03
4.155155572872781550e-04
9.467929646709969576e-05
5.636113421798546498e-05
1.308766883475933132e-02
7.430206374127372275e-04
1.313173676262841135e-04
1.079556186889656924e-03
8.309875049786717705e-06
4.882446362584648425e-04
6.044887608464187545e-02
9.402042949848193800e-04
5.050032476247031354e+02
5.720111990240649841e-03
4.954341825183777246e+02
3.852562624029140514e-02
5.971400231830563676e-01
2.988610082456950173e-04
4.087427132315287620e-02
8.456514202269567460e-05
2.281184525717089855e+02
2.192696416663140135e-05
5.302869217058678308e-03
6.392441332946821042e-01
3.875687511441009292e+02
2.742995893260284992e-03
7.855165456945201619e-04
7.723641461357782134e+01
1.678285575667003684e+02
1.489905868773492736e+00
1.942422316388858761e-04
3.393617797396280764e-03
3.855842906797749686e-04
1.982367447523005703e-03
3.868348501627127473e-05
2.490178689716553845e-03
1.734811795116803879e+01
5.218837839106055948e-05
4.664715910350669219e+02
1.826558368312938135e-04
5.323735300367792717e-04
8.669696506272184422e+01
6.275279315089537721e-03
2.491242977501932979e-04
7.817487580195243979e-04
3.365987463791572765e+00
1.611363068604508564e-03
4.635814058177433611e-05
5.843753816483882003e-05
5.299518733424001676e-02
6.208220481159374415e+00
8.525114782563384189e-05
3.612322828725356844e-05
2.170533559330192069e-04
1.621208499422663873e+00
3.926420512168137478e+00
1.505796324444561712e-03
4.255117271613435719e+02
1.973325941544438501e-03
1.926040503747386197e+02
7.208152333074538713e-05
1.219095177751539723e+02
3.564966130505972490e-04
1.530797371782615518e-04
3.723785251530994239e-05
4.649050186441375132e+01
2.494420082032461350e-04
2.265865248621735972e+01
4.433486112902488685e+02
7.912064763068488073e-05
8.952622848737586646e-05
2.929670600819230799e+02
3.411268845444102166e-03
2.620831640352438399e+02
2.845050500791413556e-05
1.504352108447591652e-03
1.001612199765310601e-01
1.798987705327687037e-02
3.900664588025062329e+01
6.116140934427466647e+00
1.213952134236206265e-05
6.089329156694150980e-02
4.602785959305939514e+02
2.472670597418949977e-03
1.134105840045422815e-03
1.839745016353847712e-02
3.431481665384411746e-04
1.110715010937180815e-04
4.409104768384655699e+02
5.913405398148656456e-04
7.077881543034411117e-04
2.718726951992365450e-03
2.537245038331577968e-05
8.197412524445571447e-04
1.679773944991067025e-04
3.092062548231769032e-04
1.255262679403912252e+01
1.349174719380054626e+02
3.407179563155311730e-02
1.426336454341638955e+02
6.111808071915085256e-05
3.256598600575737884e-03
8.394857121499926800e-04
6.269964772438386957e-03
2.719231083363162043e+02
1.643643434514570068e+00
1.157286895609986459e+02
1.864051516946178821e-03
4.058168229773253302e+02
2.547227532539546313e-04
4.268602409634628765e-05
1.497411812980445692e-03
4.005421955825212166e+01
1.693972112791174156e-03
2.935022225705560817e-03
8.678403284920927516e-05
3.910251448286349019e-05
3.313920166096043562e+00
6.729706551150030691e+01
2.262013437417283168e-04
2.857014794535905367e+02
9.623590111423798582e-05
1.334066942755021690e-03
4.275625663718932157e-03
1.781022296761305967e-02
8.901491778153131085e-02
9.710870032635300630e-03
2.856062442117122373e+02
4.616310552178056956e-04
1.653817480050320810e-04
2.245261549160548764e-04
3.151143307965773577e+00
1.294368019550652497e-03
1.220898555139328379e-04
2.135629277893839884e-05
1.774064321884757239e-04
1.455279761977202116e-04
6.343598499539420017e-05
4.173673928734075028e-03
5.479207359156616164e+00
1.180380591097650832e-03
1.737430924540639670e-03
2.251204088062871449e+02
1.945020142821286058e+01
4.051509953862698910e-03
2.714256427761731379e-03
4.172193694202262770e-03
5.899385702793781116e-04
2.225171201267199159e-04
2.453235730849726882e-04
2.412971360971814805e-03
8.427573427598734901e-03
8.730645407407748582e-05
3.669783035918604275e-04
6.393575807890107543e-04
5.603148665769439041e-02
1.247077086657206232e-03
1.001192629574223516e-04
6.899106029763252962e-04
1.353977237364481501e-04
1.886844658784350703e-02
1.301304327728987857e+02
2.924758319529034700e-03
1.026483827721517833e-01
7.282928099769413795e-04
1.953960532157947938e+01
7.016189847167949656e-05
5.433439313173082930e-03
1.297506464073600214e-04
4.305889201044361958e-04
8.069200863280306946e-05
1.579485622358859156e-03
9.491858089294096901e-05
9.256663320845407578e-05
1.364453169939199711e-03
2.100438660740577314e-03
1.187700256979042773e-02
2.277698882700553368e-05
1.921777252885836229e-01
6.373087575035522390e-05
4.896290373055335512e-04
1.092581291754965694e-04
1.234867494580163885e-04
1.112980803578157776e+02
3.824615287068080534e+02
5.536153369231156321e-06
2.935113372667237819e+00
1.554494708104404987e-03
2.135137225024812818e-02
4.726717419375538611e+02
7.957270772477351845e-03
9.911778338428057437e-05
1.610907878230810608e-02
1.076580807803559879e-04
1.090706128117593671e-03
3.701953635376359369e-05
8.728711808631071500e-05
8.368953074502864103e-03
6.074224665017018479e-03
7.341593558299686420e-03
1.361161728714161117e-04
4.643577553627310089e-03
2.068483336418231247e-03
4.485170029336627278e-05
3.895234381901517160e-05
1.216362722692168052e-01
5.844793178728217051e-05
4.970567968656710786e-03
2.246775076672848093e-03
2.220408275957635319e-03
1.289548285875116718e-04
4.047367732508811322e+00
1.034381705790149986e-01
2.423379106514763400e-04
8.744866529059670867e-05
1.500496750252664499e-04
1.569041362844555282e-02
2.264030559063761206e-04
1.408159977202755537e-03
2.013778861592915859e-03
3.442248608274626198e-01
2.246273682351093183e-04
5.647165699732028393e-02
7.888917240530042725e-05
6.605029288625795247e-03
1.301417598866776757e+02
5.218734521773649507e-04
5.385498217341203042e-03
1.261776980824177996e-03
4.205390096255851029e-02
1.762852652710729160e+02
9.576767431744592253e-05
2.186837769742614769e-03
3.477990244956799884e-03
6.320751748744754650e+01
3.808749863980387840e+00
4.282974334999384292e-05
3.801297021370784839e-03
2.020962570035561134e-03
1.424248567509518032e-04
3.407067546843528527e-04
1.188682545210293000e+02
6.123973626637408199e-05
8.987624361371391046e+01
6.874907026173738700e+01
1.311532860965840958e-04
3.851619123523049998e-05
3.025381759657362863e+02
2.322998423076394828e-04
1.405114608614177882e+02
2.310092732224690304e-03
3.477180065284239674e-04
1.335833946077037704e-04
4.102049098668544280e-01
2.191894180917604990e-02
4.970099369890887409e-03
3.768337569356542645e+02
1.609735196641379323e-05
1.434335977237646831e-04
4.920522064805893381e-05
2.654829800904121839e+02
1.817705714944811007e-03
1.426220176968352737e-02
3.377698060840396980e-05
4.031824862850728408e-05
6.750158725037985752e-01
1.964254945982991662e-01
2.324189911892197979e-03
1.553837118400940714e-03
1.559801054759113459e-03
1.837363730968265361e-04
4.967308366633421883e+02
1.260973086588576780e-04
3.062751871726462558e-04
2.971817565262940661e+02
1.160053024449410244e-04
2.610081534169808527e-05
1.546612767644306788e-03
4.428600461694711310e-05
1.149212441317568143e-03
1.025083892918081906e-03
2.469425058474136042e-03
1.572962115148625717e+00
2.244655333487571673e-04
3.617560992318236829e-04
1.290616164590641102e-04
6.313080652017655572e-04
1.975206391965803748e-03
2.796913122346178851e-02
3.160094060128604951e+02
6.271701217664581640e-04
1.514021945428498453e-04
4.710760835924162393e+00
1.400874632487870974e-04
1.089923422152748651e-04
1.641449723300322100e-04
1.097376600418254562e-03
1.565922836939065497e-04
3.679788360808404377e+02
4.285901893264773077e-04
4.941165648321340373e-05
5.251625647713364931e-05
2.511707375488720154e-04
6.279450967133304654e-05
3.032079106281768133e-03
1.584105058991354051e-04
3.477014131585708155e-05
3.503267998481919988e-04
2.257417218431323818e+02
5.700974225499521545e-05
3.153702424360128020e+02
4.000000000005398988e+02
1.754235597332075985e-03
1.033650190129052626e-01
5.656029951605140633e-05
2.836046153514719739e-02
2.860916177280666949e-03
7.477278271525963760e+01
5.072568179490780267e-05
3.857433920090039964e-02
7.215889330244355193e+00
5.169997509453657606e-05
2.174317749236317349e-03
6.911942326325783148e-03
6.748672390087070115e-03
1.214200670265076276e+00
1.157187595742684844e-03
1.424960878533797215e-04
2.187155723553544859e-03
2.385622580613772775e-03
3.372541753046947449e-05
2.920007663218996503e-05
2.720422549334890194e-03
3.668331420237128885e-05
1.173881960529324147e-04
2.108159242761659590e-04
4.359808084397073458e+01
7.527922526240094295e-03
5.267662923339486245e-05
9.365676998042058148e-05
1.951867119656756433e-03
9.359359109466065263e+01
9.598139668319621842e-02
1.540330175492196467e-02
3.031187534348217696e+02
5.669657844932164854e-03
2.284600538687130838e-04
1.437479226620262673e-04
8.162074961959447927e-04
9.047403116264795403e-03
6.832031526767343849e-03
5.335010041709015383e+00
8.881951122603716151e-05
2.093430299742638986e-03
5.885947265849111876e-02
2.462342196141074913e-03
2.331457694409705406e-03
5.440442627160024358e+00
2.806959144819457741e+00
3.235523326626391430e-05
1.609489841679968315e-03
1.751694219509759148e-03
3.779061034374907660e-03
2.577258832634751534e-04
2.185155179368687755e+02
1.673302795632963802e-04
2.451183477645967057e-03
1.583904369683553703e+01
2.092529428695369287e+00
3.762420550598613404e-05
4.421433200715300070e-03
3.927371185187083391e+00
9.258784150979852690e-04
2.730897312374546573e+02
1.625476706451693676e-02
2.072195264135064861e+02
7.613553985499942403e-05
2.281066012140404997e-03
3.293720683587653478e-04
3.306527591560821655e-01
3.832874767868291524e-04
2.509752138750015460e-02
7.465015907863505051e-04
2.256413885685319004e-05
1.224782382883240345e-02
6.302154020701097870e-05
3.944247995161712268e-03
2.034110666068664197e-03
1.119984873356669186e-04
7.459236470288844708e-05
7.095775975485028170e-03
3.536711167671929834e-04
1.293752809274416604e-01
2.796445069320270711e-04
6.651916258968973775e-03
3.793655012433995942e-05
5.384915861449189427e-05
2.570287925181508754e-03
1.058130404688565761e-04
4.670304204778700452e+00
1.256456913692111654e-01
3.095529653706781126e+00
1.567118350416794263e-03
9.706661496374641152e-04
6.820040756576744911e+01
7.077781357051164679e-04
7.378908518256172000e-02
1.126581570127492853e+02
1.149907907286131632e+02
2.198420304268188019e+01
6.265995679576241099e-04
4.490910977244001734e-04
3.413650060588214845e-03
1.407128827352585859e-03
4.302120930579689034e-05
2.505577835669294331e-04
1.798298980066268200e+02
2.969481668024834562e+02
8.621696886233048626e-03
1.737280993720381056e-04
1.170162431388413332e-01
8.517348437437873357e-05
5.375369995306022997e-04
3.736180970845808663e-04
1.975389366724571855e-04
9.030291008913529094e-01
3.676372265633029261e-04
2.406168434352720453e+01
9.053989645855028812e+01
1.040439931428301882e-04
1.088346697812465598e-04
1.070632548329953780e-04
8.743560396482118668e-04
3.928672244455283513e-03
1.823773503069076735e-04
5.085226984186945898e-04
1.587096130860748966e-04
7.846569399211052523e-05
1.325409072191024149e-04
1.238408959085052132e-04
9.448912212829778390e-02
3.061336936813533498e+02
4.175584709196523969e-04
5.263261477118058584e-03
1.133017579057065695e-04
9.162860032861999682e-05
3.533813878401337760e+00
2.186091043015145081e-04
8.586933679743669057e-03
3.699375882029745655e-02
5.861127701800826484e-04
9.484213269909674490e-03
1.613814350046757730e-04
3.707324806196776561e-05
5.020660303951005154e+00
2.111994735986052196e-01
1.303134976987961602e-02
1.813947924858855948e-04
5.602933076634317189e+01
7.636289590650457981e-01
8.703184912552456003e-05
1.455989738585222260e-03
1.576765314991585270e-04
3.425702470301050795e-04
6.509209535648772691e-05
1.868946579767935248e+02
9.167052161059339012e-05
3.822971812598513312e-03
1.731380992963415011e+01
5.396028634825979930e-05
7.117926934388496812e-05
6.724493110182133172e-03
1.633392095297832303e-02
9.362492712126213590e-02
1.880406962612990451e-04
6.293697928338518044e-03
4.367100103481265719e-03
1.153277187894846678e-04
2.913184581268608853e-03
2.350417708697087930e-04
4.330806525147043451e-03
1.997041524613556716e-04
4.591505487270831054e+01
5.546518134165399558e-03
7.203592103681128280e-05
2.169857209729532214e-03
1.833610614636163483e+00
2.970274141348257235e-02
1.213643161796294976e+02
1.373867137819239498e-04
5.572737102340404730e-05
1.080985943757261508e-02
3.270258018622326013e+00
2.887116400720981906e-03
1.272616222186216325e-02
2.832315316250558368e+01
2.552656247419380492e-04
1.438250513371262893e-03
8.617248864524977847e+00
4.259117413711933864e+00
1.376351800071849317e-03
9.852799700512312737e-05
4.610853951325297828e+01
3.938087456765732713e-03
1.656128141838877216e-04
3.092756280348430559e-03
3.281362514196341635e+02
3.257046867607658880e-04
9.875287738204988841e+00
2.759360988672294290e+00
2.115658924786312928e-04
1.742055420807314681e-02
6.707715062009133450e-04
1.995529727937199460e-03
6.086432866457589831e-03
6.423129486144481953e-05
4.534816064928015589e-01
4.952422817731151616e-04
5.887512680500227042e-05
5.325363510583908111e-05
2.458207774169704485e-03
3.017582715754622313e+02
7.686457812729821648e-03
1.918260345867832829e-04
3.950091660762690415e-04
1.476192527910677086e+02
5.174224206330108444e+01
2.331219723737346788e-04
1.653817480049440437e-04
3.347010561853309973e-02
6.937655579294585428e-05
3.525831407060403544e-02
1.704820853328757602e-04
1.134958252042802575e-04
6.859381078228596676e-05
1.541183900887577174e+00
4.997738802909202499e-05
1.522241277629995948e-03
1.196994863125854920e+02
1.121940907157424166e-04
7.030130952626132811e-05
2.930411885011558349e-04
2.353717913473253631e+01
5.240699194107123308e-05
1.272418699068113767e-04
1.046684186508141379e-04
1.503227110016703394e+00
9.646564271095687815e+00
1.806279496883033175e+01
2.523937927567991568e-03
5.045003791772804599e-05
4.152597224919493679e-03
1.824035620118392292e-04
4.370887010442018328e-01
5.778181472577810724e-04
1.598258473040499970e-04
1.057281719738702858e-04
5.967705980434222235e-02
1.202066228656763344e-04
4.728864639377372385e-05
1.426481193813242143e+01
4.599577757124558020e-03
1.230027913987645105e+00
3.227088739596430458e-04
6.567524654682813101e-03
1.366515289846145786e-04
2.411640794930907175e-03
8.744819206306791992e-04
1.451170849273192461e-04
1.770662473974839113e+00
7.293554967279167189e-04
3.951482772728623361e-04
7.902859120265848247e-01
9.229775639892719066e-05
2.347544798434325912e+02
1.029438648508122778e-03
3.887352259942607589e+02
9.390916214055498173e-05
4.937680732088750579e-05
5.946660440591805541e-04
1.308595558984127936e-04
8.746475659246114162e-05
5.996090795058030623e-04
1.701268103652798347e+00
5.276436613908509765e-03
2.810251465023688056e+00
1.475733654014496328e-03
9.416009374764618134e-04
1.235901729170233929e-04
7.390471237920647612e-05
1.720373399946711467e-03
2.807058167212107946e+02
4.292981630761987617e+02
3.259659825647805154e-03
1.014625210954121261e-04
9.805658269775598512e+00
2.623102099775336260e-01
7.214887186706743505e-05
3.823531399638757655e-04
1.525458253607142167e-03
1.488775422856577352e-04
2.088017654060568030e-03
2.736227927778842235e-05
8.700764769102267053e-05
3.270848228043195249e-04
1.888645964655893896e-04
9.534573430540591032e-02
2.162704301500581461e-02
9.493000117094207296e-03
9.935261062653996333e+00
5.453706037707356513e-02
1.817217302138591367e-04
9.432806129510207314e-05
5.582067699105811021e-02
3.334104274073344809e-03
3.143618064272463153e-03
6.231663023181311170e-05
1.578481892200191399e-04
1.068036464115934558e-04
4.528287012427263947e-01
6.483906688066705393e-03
4.404275553041481130e-05
5.484286633294629953e-03
8.734483897386320361e-01
4.739205130520625364e-03
3.463327005695460703e-01
9.578537446551342593e-05
2.534959763974837382e-02
6.645347680142165044e-05
8.113348600658274248e-03
3.627512294355631016e-05
1.080176660829935617e-02
3.183859420297511456e+00
8.464261785875363264e-01
9.986703825972595427e-04
1.403537447414110950e+01
5.403010325687098575e-05
6.184228573155917640e-05
1.033023671594740858e-02
2.374803551032251381e+00
7.866425369670708781e-03
3.310436732978754015e-04
2.889469793692014719e+02
7.737676131885419008e-05
2.745160450502351357e-02
5.340791313594630413e-05
3.304954255402978269e+00
1.993843987432107785e-03
2.621010843730053712e-04
1.203881843468811033e-04
6.612883994425813351e-04
1.082044676922831045e-04
8.201604404637751616e-05
4.086662229205503989e-03
8.001805927087060621e-05
7.163173119672600286e+00
2.894409186826795051e-03
8.230553286464470375e-02
3.019455211103396550e+02
4.747093295396686230e+00
1.881389029360542448e-03
8.180212191979569170e+00
7.666710134986154390e-05
3.646213535755840444e-05
2.458308010856002923e-03
3.661906508131815199e-05
1.147201504389888617e-04
3.469924342094450509e+01
3.236788873937530842e-04
5.726045862882406343e-05
5.906998643849005470e-05
1.297287839517483141e-04
3.181601750268468060e-03
2.405835212634082482e-03
2.407252159225686805e-04
7.238436498402259570e-05
1.158601728526432832e-02
1.293615143508168586e-04
5.589731478816425181e+00
2.773479563392211925e-03
2.449661789064323109e-03
1.286305133495501529e+01
4.777582697725956251e+01
2.776483081016523897e+02
1.256648127246000855e-02
3.213347165678764189e-03
1.351711623018299162e-02
9.484348585446268487e+01
4.347288625909541578e-03
5.497710797327199916e-01
1.084598591862676820e+00
7.241786754644533031e-02
1.270159159051202635e-04
5.084416569096348898e-05
5.284995653559920389e-05
3.286764952229312344e-05
9.782789362147769907e+01
2.805305645738250133e-05
2.974529972635340386e-03
6.205756230957381464e-05
2.960076809870367924e+02
8.100552842239182273e-05
1.408934417638845860e+00
1.598723984503172156e-03
2.018056724382467221e-02
3.018092388955038530e+01
4.173225043108963472e-04
4.818705095941516590e-05
1.835785827294012518e-01
2.404194941704971503e-03
4.189232819513236117e-02
5.602888313242879864e-05
4.650568566015961247e-01
2.148571474542230325e-04
2.177340988358486031e-04
1.665957421007956477e-02
1.429605962955481591e+00
8.577037960279868672e-03
2.017512483247774213e-04
8.100806800948533448e-01
8.871857823311221636e-05
2.128331447441549756e-04
1.409862211993326763e-04
1.465329299596648295e-04
1.713441551800044035e-04
9.373841980833512444e-05
8.651130367921057484e-06
3.220933829063832304e-05
3.662224114889299845e-05
1.232380617447181859e-04
2.947630104283794294e-05
2.096147829701284051e-05
5.331902934934838658e-05
1.946566753570273291e-04
7.660247077497352522e-05
5.445559682544613700e-04
9.727021936262582411e-05
1.113804246742451046e-04
1.176941299811546391e-04
1.147283203869321842e-04
3.924238226626251217e-04
1.570828442183405151e-03
4.304550339528322427e-04
1.499556844945874315e-04
1.245628619865752837e-03
1.704084530256434055e-04
9.460361088415409573e-05
9.289300537885605280e+00
4.320608667862480878e+00
9.124549877897061845e-02
7.074992268759876524e-01
2.212506656385163639e-01
1.192391984420373863e+00
1.683457063194613301e-01
5.168349770326316484e-02
4.411522429041183496e-02
9.919579001280756647e-02
5.778726238622096389e-02
4.772074129143535903e-02
5.374417977800536317e-01
6.122264456862298952e-04
4.763737276815005472e-03
2.052987163565821171e-02
1.833940913909041376e-03
1.804075779192606740e-04
9.803022482787800834e-04
6.295320493488651414e-02
4.349179019768854848e-04
1.603333516435690598e+01
2.359332094366364558e-04
8.316291296106857744e-02
