59 3 1
202 3 2
318 3 3
281 3 4
727 3 5
625 3 6
214 3 7
756 3 8
609 3 9
551 3 10
62 3 11
359 3 12
674 3 13
220 3 14
496 3 15
56 3 16
60 3 17
111 3 18
520 3 19
495 3 20
721 3 21
113 3 22
21 3 23
411 3 24
523 3 25
99 3 26
602 3 27
307 3 28
736 3 29
386 3 30
720 3 31
858 3 32
459 3 33
905 3 34
393 3 35
693 3 36
130 3 37
798 3 38
377 3 39
102 3 40
340 3 41
345 3 42
722 3 43
724 3 44
697 3 45
413 3 46
10 3 47
486 3 48
587 3 49
140 3 50
503 3 51
836 3 52
521 3 53
851 3 54
233 3 55
314 3 56
515 3 57
1242 3 58
1243 3 59
1246 3 60
1247 3 61
1248 3 62
1250 3 63
1252 3 64
1253 3 65
1254 3 66
1255 3 67
1256 3 68
1258 3 69
1259 3 70
1261 3 71
1262 3 72
675 3 73
949 3 74
392 3 75
857 3 76
633 3 77
832 3 78
497 3 79
775 3 80
38 3 81
465 3 82
688 3 83
452 3 84
700 3 85
203 3 86
654 3 87
231 3 88
677 3 89
352 3 90
711 3 91
158 3 92
605 3 93
146 3 94
272 3 95
570 3 96
87 3 97
123 3 98
526 3 99
703 3 100
172 3 101
27 3 102
610 3 103
217 3 104
777 3 105
856 3 106
588 3 107
870 3 108
230 3 109
776 3 110
278 3 111
809 3 112
384 3 113
823 3 114
88 3 115
845 3 116
811 3 117
691 3 118
555 3 119
107 3 120
2 3 121
223 3 121
532 3 121
336 3 121
66 3 121
24 3 122
234 3 122
556 3 122
530 3 122
789 3 122
707 3 123
600 3 123
243 3 123
434 3 123
829 3 123
816 3 124
351 3 124
501 3 124
774 3 124
28 3 124
