   5.9000000e+01   3.0000000e+00   1.0000000e+00
   2.0200000e+02   3.0000000e+00   1.0000000e+00
   3.1800000e+02   3.0000000e+00   1.0000000e+00
   2.8100000e+02   3.0000000e+00   1.0000000e+00
   7.2700000e+02   3.0000000e+00   1.0000000e+00
   6.2500000e+02   3.0000000e+00   1.0000000e+00
   2.1400000e+02   3.0000000e+00   1.0000000e+00
   7.5600000e+02   3.0000000e+00   1.0000000e+00
   6.0900000e+02   3.0000000e+00   1.0000000e+00
   5.5100000e+02   3.0000000e+00   1.0000000e+00
   6.2000000e+01   3.0000000e+00   1.0000000e+00
   3.5900000e+02   3.0000000e+00   1.0000000e+00
   6.7400000e+02   3.0000000e+00   1.0000000e+00
   2.2000000e+02   3.0000000e+00   1.0000000e+00
   4.9600000e+02   3.0000000e+00   1.0000000e+00
   5.6000000e+01   3.0000000e+00   1.0000000e+00
   6.0000000e+01   3.0000000e+00   1.0000000e+00
   1.1100000e+02   3.0000000e+00   1.0000000e+00
   5.2000000e+02   3.0000000e+00   1.0000000e+00
   4.9500000e+02   3.0000000e+00   1.0000000e+00
   7.2100000e+02   3.0000000e+00   1.0000000e+00
   1.1300000e+02   3.0000000e+00   1.0000000e+00
   2.1000000e+01   3.0000000e+00   1.0000000e+00
   4.1100000e+02   3.0000000e+00   1.0000000e+00
   5.2300000e+02   3.0000000e+00   1.0000000e+00
   9.9000000e+01   3.0000000e+00   1.0000000e+00
   6.0200000e+02   3.0000000e+00   1.0000000e+00
   3.0700000e+02   3.0000000e+00   1.0000000e+00
   7.3600000e+02   3.0000000e+00   1.0000000e+00
   3.8600000e+02   3.0000000e+00   1.0000000e+00
   7.2000000e+02   3.0000000e+00   1.0000000e+00
   8.5800000e+02   3.0000000e+00   1.0000000e+00
   4.5900000e+02   3.0000000e+00   1.0000000e+00
   9.0500000e+02   3.0000000e+00   1.0000000e+00
   3.9300000e+02   3.0000000e+00   1.0000000e+00
   6.9300000e+02   3.0000000e+00   1.0000000e+00
   1.3000000e+02   3.0000000e+00   1.0000000e+00
   7.9800000e+02   3.0000000e+00   1.0000000e+00
   1.0200000e+02   3.0000000e+00   1.0000000e+00
   3.7700000e+02   3.0000000e+00   1.0000000e+00
   3.8000000e+01   3.0000000e+00   2.0000000e+00
   4.6500000e+02   3.0000000e+00   2.0000000e+00
   6.8800000e+02   3.0000000e+00   2.0000000e+00
   4.5200000e+02   3.0000000e+00   2.0000000e+00
   7.0000000e+02   3.0000000e+00   2.0000000e+00
   2.0300000e+02   3.0000000e+00   2.0000000e+00
   6.5400000e+02   3.0000000e+00   2.0000000e+00
   2.3100000e+02   3.0000000e+00   2.0000000e+00
   6.7700000e+02   3.0000000e+00   2.0000000e+00
   3.5200000e+02   3.0000000e+00   2.0000000e+00
   7.1100000e+02   3.0000000e+00   2.0000000e+00
   1.5800000e+02   3.0000000e+00   2.0000000e+00
   6.0500000e+02   3.0000000e+00   2.0000000e+00
   1.4600000e+02   3.0000000e+00   2.0000000e+00
   2.7200000e+02   3.0000000e+00   2.0000000e+00
   5.7000000e+02   3.0000000e+00   2.0000000e+00
   8.7000000e+01   3.0000000e+00   2.0000000e+00
   1.2300000e+02   3.0000000e+00   2.0000000e+00
   5.2600000e+02   3.0000000e+00   2.0000000e+00
   7.0300000e+02   3.0000000e+00   2.0000000e+00
   1.7200000e+02   3.0000000e+00   2.0000000e+00
   2.7000000e+01   3.0000000e+00   2.0000000e+00
   6.1000000e+02   3.0000000e+00   2.0000000e+00
   2.1700000e+02   3.0000000e+00   2.0000000e+00
   7.7700000e+02   3.0000000e+00   2.0000000e+00
   8.5600000e+02   3.0000000e+00   2.0000000e+00
   5.8800000e+02   3.0000000e+00   2.0000000e+00
   8.7000000e+02   3.0000000e+00   2.0000000e+00
   2.3000000e+02   3.0000000e+00   2.0000000e+00
   7.7600000e+02   3.0000000e+00   2.0000000e+00
   2.7800000e+02   3.0000000e+00   2.0000000e+00
   8.0900000e+02   3.0000000e+00   2.0000000e+00
   3.8400000e+02   3.0000000e+00   2.0000000e+00
   8.2300000e+02   3.0000000e+00   2.0000000e+00
   8.8000000e+01   3.0000000e+00   2.0000000e+00
   8.4500000e+02   3.0000000e+00   2.0000000e+00
   8.1100000e+02   3.0000000e+00   2.0000000e+00
   6.9100000e+02   3.0000000e+00   2.0000000e+00
   1.0700000e+02   3.0000000e+00   2.0000000e+00
   5.5500000e+02   3.0000000e+00   2.0000000e+00
   3.4000000e+02   3.0000000e+00   3.0000000e+00
   3.4500000e+02   3.0000000e+00   3.0000000e+00
   7.2200000e+02   3.0000000e+00   3.0000000e+00
   7.2400000e+02   3.0000000e+00   3.0000000e+00
   6.9700000e+02   3.0000000e+00   3.0000000e+00
   4.1300000e+02   3.0000000e+00   3.0000000e+00
   1.0000000e+01   3.0000000e+00   3.0000000e+00
   4.8600000e+02   3.0000000e+00   3.0000000e+00
   5.8700000e+02   3.0000000e+00   3.0000000e+00
   1.4000000e+02   3.0000000e+00   3.0000000e+00
   5.0300000e+02   3.0000000e+00   3.0000000e+00
   8.3600000e+02   3.0000000e+00   3.0000000e+00
   5.2100000e+02   3.0000000e+00   3.0000000e+00
   8.5100000e+02   3.0000000e+00   3.0000000e+00
   2.3300000e+02   3.0000000e+00   3.0000000e+00
   3.1400000e+02   3.0000000e+00   3.0000000e+00
   5.1500000e+02   3.0000000e+00   3.0000000e+00
   1.2440000e+03   3.0000000e+00   3.0000000e+00
   1.2450000e+03   3.0000000e+00   3.0000000e+00
   1.2480000e+03   3.0000000e+00   3.0000000e+00
   1.2490000e+03   3.0000000e+00   3.0000000e+00
   1.2500000e+03   3.0000000e+00   3.0000000e+00
   1.2520000e+03   3.0000000e+00   3.0000000e+00
   1.2540000e+03   3.0000000e+00   3.0000000e+00
   1.2550000e+03   3.0000000e+00   3.0000000e+00
   1.2560000e+03   3.0000000e+00   3.0000000e+00
   1.2570000e+03   3.0000000e+00   3.0000000e+00
   1.2580000e+03   3.0000000e+00   3.0000000e+00
   1.2600000e+03   3.0000000e+00   3.0000000e+00
   1.2610000e+03   3.0000000e+00   3.0000000e+00
   1.2630000e+03   3.0000000e+00   3.0000000e+00
   1.2640000e+03   3.0000000e+00   3.0000000e+00
   6.7500000e+02   3.0000000e+00   3.0000000e+00
   9.4900000e+02   3.0000000e+00   3.0000000e+00
   3.9200000e+02   3.0000000e+00   3.0000000e+00
   8.5700000e+02   3.0000000e+00   3.0000000e+00
   6.3300000e+02   3.0000000e+00   3.0000000e+00
   8.3200000e+02   3.0000000e+00   3.0000000e+00
   7.7500000e+02   3.0000000e+00   3.0000000e+00
   4.9700000e+02   3.0000000e+00   3.0000000e+00
   2.0000000e+00   3.0000000e+00   4.0000000e+00
   2.2300000e+02   3.0000000e+00   4.0000000e+00
   5.3200000e+02   3.0000000e+00   4.0000000e+00
   6.6000000e+01   3.0000000e+00   4.0000000e+00
   3.3600000e+02   3.0000000e+00   4.0000000e+00
   2.4000000e+01   3.0000000e+00   5.0000000e+00
   2.3400000e+02   3.0000000e+00   5.0000000e+00
   5.5600000e+02   3.0000000e+00   5.0000000e+00
   7.8900000e+02   3.0000000e+00   5.0000000e+00
   5.3000000e+02   3.0000000e+00   5.0000000e+00
   7.0700000e+02   3.0000000e+00   6.0000000e+00
   6.0000000e+02   3.0000000e+00   6.0000000e+00
   2.4300000e+02   3.0000000e+00   6.0000000e+00
   8.2900000e+02   3.0000000e+00   6.0000000e+00
   4.3400000e+02   3.0000000e+00   6.0000000e+00
   8.1600000e+02   3.0000000e+00   7.0000000e+00
   3.5100000e+02   3.0000000e+00   7.0000000e+00
   5.0100000e+02   3.0000000e+00   7.0000000e+00
   2.8000000e+01   3.0000000e+00   7.0000000e+00
   7.7400000e+02   3.0000000e+00   7.0000000e+00
