702 780
780 698
698 702
604 1000
1000 608
730 1001
1001 638
638 730
711 812
812 691
691 711
649 886
886 836
836 649
757 1064
1064 701
701 757
684 1187
1187 683
683 684
751 904
904 872
872 751
635 1001
730 635
232 851
851 237
722 827
827 634
634 722
1197 1198
1198 1196
1196 1197
722 1080
1080 641
641 722
742 915
915 852
852 742
801 929
929 756
756 801
641 890
890 889
889 641
843 1029
1029 646
646 843
648 845
845 745
745 648
638 1012
1012 730
725 801
801 672
672 725
111 1133
1133 116
784 1023
1023 644
644 784
741 1096
1096 833
833 741
605 1103
1103 612
756 672
630 820
820 819
819 630
1200 1201
1201 1199
1199 1200
623 1000
633 879
879 831
831 633
852 630
630 742
646 1077
1077 843
816 870
870 689
689 816
653 698
698 680
680 653
645 843
843 778
778 645
1203 1204
1204 1202
1202 1203
932 1023
1023 697
697 932
1206 1207
1207 1205
1205 1206
403 1137
1137 408
647 991
991 754
754 647
727 875
875 761
761 727
683 920
920 684
831 830
830 633
733 771
771 671
671 733
698 995
995 702
863 1171
1171 936
936 863
858 1087
1087 647
647 858
868 967
967 625
625 868
880 902
902 86
86 880
905 1008
1008 796
796 905
629 1066
1066 749
749 629
789 936
936 700
700 789
952 1140
1140 1025
1025 952
725 897
897 801
627 895
895 685
685 627
785 873
873 847
847 785
76 834
834 81
744 1073
1073 849
849 744
879 729
729 831
1204 1209
1209 1208
1208 1204
81 880
1080 656
656 641
51 863
863 56
916 1094
1094 710
710 916
738 1001
635 738
745 881
881 648
611 1103
806 1063
1063 797
797 806
866 899
899 696
696 866
668 920
683 668
643 1078
1078 650
650 643
717 917
917 855
855 717
707 977
977 783
783 707
617 1044
1044 901
901 617
920 942
942 646
646 920
202 1120
1120 966
966 202
660 995
995 926
926 660
1211 1212
1212 1210
1210 1211
683 1155
1155 668
852 820
1214 1207
1207 1213
1213 1214
820 1104
1104 819
916 1038
1038 690
690 916
751 812
812 685
685 751
955 1033
1033 738
738 955
644 962
962 784
879 963
963 729
1216 1217
1217 1215
1215 1216
573 907
907 578
1219 1220
1220 1218
1218 1219
691 813
813 711
655 1173
1173 724
724 655
732 905
796 732
845 1018
1018 946
946 845
852 774
774 820
829 1106
1106 631
631 829
677 894
894 746
746 677
855 767
767 1221
1221 855
1223 1224
1224 1222
1222 1223
126 860
860 131
635 977
977 955
955 635
755 902
880 755
1225 1226
1226 1211
1211 1225
1012 1081
1081 730
646 1100
1100 766
766 646
995 653
653 926
1228 1229
1229 1227
1227 1228
598 930
930 403
1231 1232
1232 1230
1230 1231
773 1071
1071 816
816 773
680 1106
829 680
902 91
652 686
686 659
659 652
106 884
884 111
847 883
883 639
639 847
703 763
763 702
702 703
792 1024
1024 717
717 792
804 1013
1013 752
752 804
923 1076
1076 403
403 923
695 892
892 758
758 695
634 841
841 722
719 862
862 788
788 719
708 980
980 757
757 708
1234 1235
1235 1233
1233 1234
683 811
811 731
731 683
795 933
933 642
642 795
787 981
981 765
765 787
880 704
704 755
824 1023
932 824
640 805
805 803
803 640
181 892
892 186
831 728
728 830
716 1051
1051 860
860 716
759 1103
1103 610
610 759
1000 810
810 608
710 1038
723 890
890 639
639 723
869 978
978 711
711 869
658 1010
1010 661
661 658
834 880
247 875
875 252
721 1048
1048 793
793 721
902 1050
1050 91
732 1069
1069 838
838 732
807 918
918 729
729 807
1237 1238
1238 1236
1236 1237
1240 1241
1241 1239
1239 1240
833 634
634 741
826 1044
617 826
757 894
894 708
765 1189
1189 787
703 1040
1040 924
924 703
651 1063
806 651
703 1126
1126 763
1243 1220
1220 1242
1242 1243
1244 1245
1245 1197
1197 1244
1171 700
628 996
996 848
848 628
458 897
897 463
1202 1247
1247 1246
1246 1202
899 642
642 696
802 972
972 704
704 802
1043 1071
773 1043
656 803
803 641
665 1183
1183 784
784 665
693 1022
1022 692
692 693
1120 869
869 966
908 910
910 769
769 908
637 818
818 736
736 637
770 963
879 770
814 1018
1018 648
648 814
1249 1250
1250 1248
1248 1249
1251 1252
1252 1237
1237 1251
859 916
916 613
613 859
685 1191
1191 627
715 1024
792 715
1253 1254
1254 1228
1228 1253
740 1084
1084 843
843 740
742 1092
1092 915
704 876
876 802
658 1029
1029 1010
716 904
751 716
754 1033
955 754
1256 1246
1246 1255
1255 1256
1258 1196
1196 1257
1257 1258
689 987
987 816
838 1046
1046 732
659 661
661 649
649 659
799 861
861 701
701 799
768 910
908 768
695 899
866 695
1081 675
675 730
1222 1260
1260 1259
1259 1222
672 1027
1027 725
1262 1218
1218 1261
1261 1262
755 909
909 764
764 755
1022 1191
685 1022
232 945
945 851
771 1079
1079 994
994 771
617 1113
1113 826
849 709
709 744
1259 1264
1264 1263
1263 1259
428 898
898 433
1009 1183
1183 960
960 1009
727 964
964 875
764 902
756 888
888 672
678 1192
1192 1047
1047 678
874 931
931 628
628 874
106 1108
1108 884
1103 859
859 612
861 1139
1139 701
793 885
885 721
31 905
905 36
747 993
993 958
958 747
893 987
689 893
1266 1267
1267 1265
1265 1266
641 944
944 890
730 976
976 635
66 878
878 71
1140 796
796 1025
833 841
810 609
835 905
732 835
763 907
907 702
962 665
1269 1232
1232 1268
1268 1269
914 980
980 624
624 914
766 1085
1085 802
802 766
543 941
941 548
438 900
900 443
994 671
272 903
903 277
1069 657
657 838
1271 1272
1272 1270
1270 1271
717 952
952 917
851 947
947 237
1040 660
660 924
910 956
956 202
202 910
951 1078
643 951
802 740
740 766
901 618
744 1111
1111 772
772 744
725 969
969 897
865 1048
721 865
772 1066
629 772
639 1111
1111 847
966 910
859 1094
922 1062
1062 714
714 922
991 1167
1167 754
1274 1275
1275 1273
1273 1274
870 768
768 689
1004 1044
1044 677
677 1004
810 996
996 609
883 723
770 883
847 770
1039 1194
1194 971
971 1039
735 1062
922 735
754 974
974 647
805 944
944 803
647 891
891 858
772 1073
753 924
660 753
736 858
858 637
758 899
1233 1216
1216 1276
1276 1233
858 1170
1170 1087
761 1042
1042 727
972 1085
1085 644
644 972
1278 1279
1279 1277
1277 1278
791 1115
1115 958
958 791
818 643
643 736
873 688
688 847
648 1119
1119 814
1084 778
553 949
949 558
774 1161
1161 882
882 774
1281 1255
1255 1280
1280 1281
16 952
952 21
751 1124
1124 812
972 755
717 1140
876 1154
1154 802
924 923
923 703
773 1110
1110 932
932 773
1137 1152
1152 408
650 967
868 650
642 1125
1125 795
936 56
1115 747
799 1047
1047 861
16 917
1059 1193
1193 826
826 1059
825 964
727 825
1270 1283
1283 1282
1282 1270
866 631
631 1284
1284 866
828 843
645 828
615 1054
1054 790
790 615
736 1170
835 1061
1061 905
764 1050
848 1175
1175 794
794 848
668 960
960 942
942 668
1286 1248
1248 1285
1285 1286
136 906
906 141
783 841
841 707
705 1089
1089 1005
1005 705
1051 739
739 860
794 1048
1048 1016
1016 794
610 931
931 759
891 637
277 919
919 282
795 1005
1005 651
651 795
1018 638
638 946
11 1260
1260 16
625 806
797 625
701 912
912 757
1133 808
808 116
873 874
874 688
973 1051
1051 895
895 973
917 1224
1224 855
1288 1289
1289 1287
1287 1288
946 715
715 845
1194 654
654 971
893 986
986 96
96 893
824 644
126 904
904 860
714 1115
791 714
881 1027
672 881
1290 1291
1291 1275
1275 1290
1229 1212
1212 1292
1292 1229
814 925
925 655
655 814
640 1104
820 640
870 957
957 768
892 1142
1142 186
956 207
763 997
997 907
711 1189
1189 812
1293 1243
1243 1281
1281 1293
1119 1147
1147 888
888 1119
207 957
957 212
1295 1234
1234 1294
1294 1295
1230 1297
1297 1296
1296 1230
633 1028
1028 879
793 794
794 718
718 793
1298 1299
1299 1262
1262 1298
620 840
840 621
448 929
929 453
1048 626
626 1016
1010 649
874 985
985 688
812 1134
1134 685
829 653
885 1037
1037 621
621 885
936 61
1170 719
719 1087
835 1190
1190 1011
1011 835
666 1117
1117 909
909 666
674 1115
714 674
829 866
696 829
1081 724
724 675
626 1139
861 626
914 1163
1163 671
671 914
821 1138
1138 705
705 821
1190 750
750 1011
1301 1297
1297 1300
1300 1301
710 873
785 710
1302 1199
1199 1249
1249 1302
648 1147
845 1107
1107 745
913 1039
1039 700
700 913
1124 691
1292 1304
1304 1303
1303 1292
1029 920
704 1181
1181 876
1306 1307
1307 1305
1305 1306
676 1128
1128 979
979 676
1048 1139
1110 666
666 932
563 970
970 568
725 1180
1180 1305
1305 725
146 934
934 151
693 694
694 669
669 693
816 1127
1127 870
885 1128
1128 721
828 1029
1309 1252
1252 1308
1308 1309
372 982
982 377
171 950
950 176
759 874
873 759
883 1028
1028 723
788 1039
913 788
907 780
828 1010
978 787
787 711
810 848
1187 811
1190 913
913 750
1154 740
918 831
977 815
815 955
1117 764
840 1182
1182 979
979 840
689 986
790 1059
826 790
963 687
687 729
116 872
872 121
655 1081
1012 655
227 945
805 820
774 805
627 973
645 886
886 828
51 961
961 863
746 1026
1026 1004
1004 746
926 846
846 660
1277 1240
1240 1310
1310 1277
846 753
762 1126
703 762
813 966
869 813
688 770
840 885
745 1109
1109 881
957 956
956 768
691 1105
1105 813
796 1069
837 1109
745 837
808 872
865 1026
1026 912
912 865
758 1176
1176 877
877 758
618 1158
1158 619
659 650
650 652
667 1046
838 667
702 1040
878 928
928 71
963 985
985 687
961 1011
750 961
1311 1312
1312 1288
1288 1311
948 632
632 1219
1219 948
1077 740
96 1050
1050 893
855 792
687 1015
1015 729
785 1111
744 785
960 1155
1155 726
726 960
1044 1193
1193 677
418 958
958 423
1175 718
864 1137
1137 714
714 864
76 928
928 834
1107 948
948 745
964 252
675 924
753 675
161 953
953 166
719 1157
1157 862
1062 674
923 930
930 762
762 923
1272 1247
1247 1313
1313 1272
925 1090
1090 674
674 925
1152 413
889 722
808 1124
751 808
1257 1291
1291 1314
1314 1257
624 1163
700 971
971 789
1316 1245
1245 1315
1315 1316
1047 965
965 678
1139 912
1012 814
944 1066
1066 890
895 1101
1101 685
873 1094
1094 759
969 463
800 1078
951 800
834 704
1284 1317
1317 1253
1253 1284
688 963
1296 1318
1318 1225
1225 1296
726 1009
947 242
974 891
1176 842
842 877
1320 1205
1205 1319
1319 1320
723 889
997 578
766 1077
841 1132
1132 707
986 101
392 978
978 397
887 1142
892 887
827 1130
1130 634
791 864
1037 622
657 1033
1033 838
964 257
686 867
867 661
661 686
778 1053
1053 645
1079 800
800 994
31 1008
861 807
807 626
247 975
975 875
788 1087
1094 1103
944 749
816 1110
282 1057
1057 287
960 665
665 942
898 993
747 898
694 652
652 669
262 959
959 267
850 1053
1053 719
719 850
121 904
932 1135
1135 824
1312 1321
1321 1295
1295 1312
1263 1203
1203 1322
1322 1263
707 891
891 815
815 707
928 720
720 834
614 1054
706 953
953 832
832 706
609 931
933 1017
1017 642
733 915
915 771
747 1174
1174 898
1058 1131
1131 795
795 1058
1273 1198
1198 1283
1283 1273
931 996
842 953
706 842
733 852
620 1182
661 684
684 658
709 1193
1059 709
852 1161
929 984
984 756
1046 835
1268 1324
1324 1323
1323 1268
46 961
966 769
1061 36
1028 770
593 1164
1164 598
613 1186
1186 614
1326 1327
1327 1325
1325 1326
1210 1254
1254 1231
1231 1210
757 746
1190 667
667 913
1174 760
760 898
925 1119
1119 673
673 925
994 965
965 671
1227 1329
1329 1328
1328 1227
1331 1278
1278 1330
1330 1331
986 908
908 101
1131 933
918 1075
1075 831
1332 1290
1290 1301
1301 1332
1333 1334
1334 1331
1331 1333
1313 1335
1335 1274
1274 1313
1162 1163
1163 882
882 1162
1192 636
636 1047
680 776
776 1214
1214 680
971 1156
1156 1041
1041 971
1071 1127
848 1179
1179 628
900 1150
1150 756
756 900
428 993
768 1122
1122 689
807 1016
760 1150
900 760
629 1073
916 1186
242 975
1337 1338
1338 1336
1336 1337
1128 840
913 1171
1171 750
1340 1314
1314 1339
1339 1340
792 1107
1107 715
1067 1096
1096 637
637 1067
675 1013
1013 730
1015 807
1075 1169
1169 636
636 1075
1287 1340
1340 1286
1286 1287
1055 1104
1104 699
699 1055
616 1113
131 954
954 136
797 1086
1086 625
969 1341
1341 463
1158 979
979 619
673 1090
720 1181
1181 834
41 1011
1011 46
1343 1344
1344 1342
1342 1343
948 837
900 984
984 443
824 1052
1052 644
708 1172
1172 921
921 708
744 1144
1144 1038
1038 744
1017 696
794 1168
1168 848
1330 1346
1346 1345
1345 1330
1213 1324
1324 1347
1347 1213
657 1035
1035 1033
718 1037
1037 793
889 827
709 1144
26 1008
790 1151
1151 615
1027 1068
1068 725
903 919
716 1101
895 716
894 1118
1118 708
936 1049
1049 61
821 1185
1185 934
934 821
382 981
981 387
1348 1215
1215 1333
1333 1348
882 664
664 774
912 746
989 997
763 989
1004 901
1307 1239
1239 1341
1341 1307
66 1049
1049 878
724 735
735 675
868 1045
1045 652
652 868
1067 1132
1132 833
833 1067
1035 738
692 1189
765 692
898 1034
1034 433
573 1036
1036 907
624 882
860 954
458 1065
1065 897
1349 1258
1258 1289
1289 1349
438 1034
1034 900
731 919
903 731
866 940
940 695
965 914
792 948
693 781
781 694
676 1158
1158 1004
1004 676
1066 1111
639 1066
657 1140
1140 1024
1024 657
1069 1140
942 1100
1124 1133
1133 691
781 1082
1082 357
357 781
181 1060
1060 892
877 899
1350 1238
1238 1346
1346 1350
1150 888
672 1147
1147 881
362 1082
1082 367
674 1173
1173 925
984 448
926 943
943 699
699 926
628 985
995 1040
967 1092
1092 625
1022 1134
1134 692
227 1043
1043 945
670 1051
973 670
932 1072
1072 773
1351 1352
1352 1256
1256 1351
413 1095
1095 418
954 906
884 1105
691 884
588 988
988 593
176 1060
653 943
919 1057
783 804
804 656
656 783
222 1043
761 975
975 947
947 761
423 993
1193 1006
1006 677
1285 1353
1353 1311
1311 1285
994 678
920 658
955 974
606 1151
1151 616
829 943
1072 945
945 773
991 1087
788 991
453 1065
1101 751
769 1088
1088 908
893 1117
1117 987
706 877
862 1039
1138 1089
884 1133
862 1194
151 992
992 156
101 1088
1088 106
212 1127
1127 217
217 1071
1071 222
886 1010
695 887
21 1025
1025 26
929 1065
1075 1192
1192 728
728 1075
891 1067
981 1007
1007 765
1089 651
1325 1261
1261 1354
1354 1325
141 1091
1091 146
1041 789
783 1080
1080 841
1092 806
1005 1099
1099 705
1038 785
1085 962
1001 946
775 776
680 775
976 977
1026 676
930 854
854 762
654 1156
715 1035
1035 1024
687 1179
1179 1168
1168 687
774 1153
1153 805
272 1178
1178 903
670 739
1061 41
1115 1090
1090 747
721 1026
1164 930
849 1006
1006 709
865 1139
543 1019
1019 941
1355 1265
1265 1343
1343 1355
1027 663
663 1356
1356 1027
1144 690
1358 1242
1242 1357
1357 1358
989 1126
1126 988
988 989
818 951
850 1170
736 850
946 1035
622 1116
1116 623
397 1120
548 1020
1020 553
1360 1361
1361 1359
1359 1360
690 1186
1025 1008
696 943
957 1127
1122 986
634 1160
1160 741
752 656
924 735
735 923
1049 789
789 878
724 1062
1023 1070
1070 697
851 1072
1072 697
697 851
1027 1109
1109 663
690 1059
1059 1054
1054 690
947 1112
1112 761
1091 934
959 1178
1178 267
878 720
1142 1362
1362 186
950 1060
830 1130
1130 633
727 1183
1009 727
837 1299
1299 1109
1095 958
779 781
693 779
974 815
1113 790
765 779
693 765
558 1031
1031 563
583 989
989 588
909 1135
1135 666
1335 1208
1208 1318
1318 1335
1009 825
607 1182
1052 972
1152 1095
775 1020
1020 941
941 775
964 1121
1121 257
568 1036
908 1122
1052 755
810 1175
1158 901
619 1182
906 1091
819 933
933 630
387 1165
1165 392
1086 868
739 1138
1138 906
906 739
985 1179
1121 262
651 1058
749 1153
1153 629
1364 1365
1365 1363
1363 1364
706 1099
1005 706
838 1167
1167 667
951 798
798 800
997 583
750 863
1061 1011
1367 1244
1244 1366
1366 1367
978 1120
1012 1018
697 1112
1112 851
1183 1042
1042 784
1015 1016
694 686
1369 1370
1370 1368
1368 1369
377 1007
1007 382
156 1123
1123 161
1006 894
1055 819
1175 1000
1000 718
778 1194
1194 1157
1157 778
949 1020
775 949
780 786
786 698
627 1086
1086 973
913 1177
1177 788
1169 1047
538 1371
1371 543
934 992
742 1058
1058 806
806 742
171 1143
1143 950
940 1328
1328 695
664 1172
1172 1153
1153 664
633 1145
1145 1028
1342 1200
1200 1372
1372 1342
1041 878
670 1138
784 1070
1123 953
980 1064
678 800
798 678
1276 1365
1365 1367
1367 1276
624 1136
1136 882
786 775
775 698
877 642
1128 1026
811 919
867 684
780 970
970 786
665 1100
1013 976
922 923
1294 1366
1366 1349
1349 1294
754 838
988 1164
1191 1045
1045 627
166 1143
1373 1374
1374 1326
1326 1373
978 1165
1165 787
1053 1157
786 949
765 982
982 779
1177 991
1121 959
953 1143
805 749
1096 818
723 827
1041 720
1375 1303
1303 1362
1362 1375
720 876
976 783
1093 1172
708 1093
941 776
821 906
1174 1150
1045 1086
707 1067
1377 1378
1378 1376
1376 1377
1150 673
673 888
1379 990
990 1319
1319 1379
741 1003
1003 951
951 741
962 1100
982 1007
367 1098
1098 372
705 1185
949 1031
692 812
1380 1327
1327 1251
1251 1380
1310 1381
1381 1350
1350 1310
764 893
846 752
752 753
1167 1177
1177 667
1383 1373
1373 1382
1382 1383
973 1063
1063 670
761 1070
1070 1042
1136 1172
664 1136
741 818
1005 1125
1125 706
1031 970
1160 1003
1009 1149
1149 825
673 1174
1174 1090
1121 825
825 959
987 1110
1191 669
669 1045
629 1172
1093 629
966 1105
1105 769
981 1165
1053 1102
1102 645
877 1125
976 804
970 1036
1102 886
1382 1384
1384 1271
1271 1382
909 1052
824 909
849 1118
1118 1006
670 1089
1149 959
1154 1084
836 850
736 836
1059 1144
1236 1386
1386 1385
1385 1236
1359 1266
1266 1387
1387 1359
669 1022
836 1102
1102 850
1118 1093
780 1036
739 954
918 1169
720 1156
1156 876
1190 1046
1137 1076
1076 714
992 1185
1185 832
832 992
1000 1116
1116 718
914 1064
1192 798
798 728
1388 1298
1298 1380
1380 1388
792 1188
1188 948
992 1123
1363 1389
1389 1309
1309 1363
967 1079
771 967
1188 632
1390 1315
1315 1364
1364 1390
946 738
1322 1352
1352 1223
1223 1322
1015 1168
1168 1016
760 1034
943 1055
1391 1336
1336 1369
1369 1391
1017 1055
1055 696
854 1126
903 1166
1166 731
827 633
1152 864
864 1095
1347 937
937 1317
1317 1347
1093 1073
1392 1393
1393 1332
1332 1392
671 1162
1162 733
861 1169
1169 807
832 1123
1185 1099
1099 832
1385 1356
1356 1388
1388 1385
915 967
1395 1376
1376 1394
1394 1395
1397 1386
1386 1396
1396 1397
819 1017
1098 982
856 1178
959 856
1064 799
694 867
1003 798
1188 1021
1021 1357
1357 1188
1065 801
1003 728
855 1188
1221 1351
1351 1358
1358 1221
1130 1160
1054 1186
1396 1381
1381 1306
1306 1396
1372 1399
1399 1398
1398 1372
1062 1173
1112 1070
726 1149
962 766
1003 830
1280 1384
1384 1400
1400 1280
1401 1399
1399 1392
1392 1401
1116 1037
854 988
650 1079
1282 1316
1316 1383
1383 1282
1156 1154
821 1091
769 1108
1108 1088
987 666
1063 1089
914 799
742 1131
1394 1402
1402 1269
1269 1394
1060 758
950 758
726 1166
1166 856
856 726
1300 1402
1402 1401
1401 1300
856 903
1160 830
1078 1079
1371 1337
1337 1379
1379 1371
856 1149
1105 1108
723 1145
1145 827
733 1161
1375 939
939 1329
1329 1375
1345 1389
1389 1348
1348 1345
1151 1113
1166 1155
1155 731
699 846
1368 1360
1360 1403
1403 1368
1154 654
654 1084
779 1082
1095 791
1084 1194
1403 1405
1405 1404
1404 1403
965 799
1339 1393
1393 1302
1302 1339
811 1057
1082 1098
849 1093
922 1076
854 1164
1068 1397
1397 725
1143 842
842 950
1019 776
1406 1387
1387 1377
1377 1406
973 797
1400 1354
1354 1293
1293 1400
1136 921
950 1176
1162 1161
1131 630
1407 1405
1405 1406
1406 1407
1398 1378
1378 1355
1355 1398
1308 1374
1374 1390
1390 1308
855 1021
1031 786
1408 1206
1206 1407
1407 1408
1404 1320
1320 1391
1391 1404
1323 1408
1408 1395
1395 1323
1098 779
1057 292
292 1187
1187 297
811 292
1187 302
1187 307
307 684
684 312
312 867
867 317
867 322
867 327
867 332
867 337
337 694
694 342
694 347
347 781
781 352
980 921
921 624
803 752
752 640
846 640
846 1104
643 659
649 643
836 643
753 1013
782 1197
1196 782
712 1198
1197 712
713 1196
1198 713
823 1200
1199 823
1200 513
508 1199
844 1203
1202 844
6 1204
1203 6
822 1202
1204 822
857 1206
1205 857
682 1207
1206 682
776 1205
1207 776
1208 822
1 1208
1114 1211
1210 1114
196 1212
1211 196
748 1210
1212 748
1106 1214
1213 1106
682 1213
853 1216
1215 853
1216 488
483 1215
837 1219
1218 837
632 1220
809 1218
1220 809
1221 1021
1184 1223
1222 1184
767 1224
1223 767
917 1222
1114 1225
1225 1
940 1228
1227 940
748 1229
1228 748
939 1227
1229 939
1114 1231
1230 1114
937 1232
1231 937
679 1230
1232 679
935 1234
1233 935
1234 493
488 1233
1083 1237
1236 1083
817 1238
1237 817
737 1236
1238 737
871 1240
1239 871
1240 473
468 1239
911 1243
1242 911
1243 809
632 1242
782 1244
743 1245
1244 743
1245 712
1246 844
822 1247
662 1246
1247 662
983 1249
1248 983
1249 508
503 1248
1083 1251
681 1252
1251 681
1252 817
940 1253
937 1254
1253 937
1254 748
911 1256
1255 911
1256 844
662 1255
839 1258
1257 839
1258 782
713 1257
1259 1184
917 1260
11 1259
1014 1262
1261 1014
1262 837
809 1261
1263 1184
6 1263
896 1266
1265 896
1266 523
518 1265
1129 1269
1268 1129
1269 679
937 1268
1195 1271
1270 1195
662 1272
1271 662
1159 1270
1272 1159
1159 1274
1273 1159
968 1275
1274 968
713 1273
1275 713
1276 935
853 1276
927 1278
1277 927
1278 478
473 1277
1148 1281
1280 1148
1281 911
662 1280
1282 1195
1159 1283
712 1282
1283 712
1284 940
1074 1286
1285 1074
1286 983
503 1285
1074 1288
1287 1074
1056 1289
1288 1056
839 1287
1289 839
968 1290
734 1291
1290 734
1291 713
1292 939
196 1292
1148 1293
1293 809
1056 1295
1294 1056
1295 493
935 1294
1296 1114
679 1297
968 1296
1297 968
1014 1298
663 1299
1298 663
1146 1301
1300 1146
1301 968
679 1300
983 1302
1302 823
1303 939
191 1303
1180 1306
871 1307
1306 871
969 1305
1307 969
1141 1309
1308 1141
1309 817
681 1308
1310 927
871 1310
1074 1311
498 1312
1311 498
1312 1056
1313 1159
822 1313
1314 839
734 1314
1002 1316
1315 1002
1316 712
743 1315
631 1317
968 1318
1318 1
990 1320
1320 857
776 1319
1322 1184
844 1322
1323 1129
937 1324
682 1323
1324 682
1030 1326
1325 1030
681 1327
1326 681
1014 1325
1327 1014
887 1328
1329 887
1032 1331
1330 1032
1331 478
927 1330
1146 1332
1332 734
1032 1333
1333 483
822 1335
1335 968
990 1337
1336 990
1337 538
533 1336
983 1340
1339 983
1340 839
734 1339
1341 468
938 1343
1342 938
1343 518
513 1342
1345 1032
927 1346
817 1345
1346 817
1347 1106
1032 1348
1348 853
1056 1349
1349 782
927 1350
1350 737
911 1351
767 1352
1351 767
1352 844
1354 1030
809 1354
938 1355
1355 896
1356 1068
1021 1358
1358 911
632 1357
998 1360
1359 998
1360 528
523 1359
1362 191
1141 1364
1363 1141
743 1365
1364 743
853 1363
1365 853
935 1367
1366 935
1367 743
782 1366
999 1369
1368 999
1369 533
528 1368
1371 1019
1372 938
823 1372
1030 1373
1002 1374
1373 1002
1374 681
1142 1375
1097 1377
1376 1097
896 1378
1377 896
777 1376
1378 777
1019 1319
1019 1379
1083 1380
1380 1014
871 1381
1381 737
1195 1383
1382 1195
1383 1002
1030 1382
1030 1384
1384 662
1385 1083
737 1386
1068 1385
1386 1068
1387 998
896 1387
1083 1388
1388 663
853 1389
1389 817
1141 1390
1390 1002
999 1391
1391 990
1106 1317
1146 1392
823 1393
1392 823
1393 734
1129 1395
1394 1129
1395 1097
777 1394
1180 1397
1396 1180
737 1396
1398 938
823 1399
777 1398
1399 777
1400 1148
1030 1400
1146 1401
1401 777
777 1402
1402 679
1142 1329
1403 999
998 1403
1404 999
998 1405
857 1404
1405 857
1097 1406
1406 998
1097 1407
1407 857
1097 1408
1408 682
1209 1
1264 6
16 11
21 16
26 21
31 26
36 31
41 36
46 41
51 46
56 51
61 56
66 61
71 66
76 71
81 76
86 81
91 86
96 91
101 96
106 101
111 106
116 111
121 116
126 121
131 126
136 131
141 136
146 141
151 146
156 151
161 156
166 161
171 166
176 171
181 176
186 181
191 186
1304 191
1226 196
6 1209
1 1226
11 1264
196 1304
207 202
212 207
217 212
222 217
227 222
232 227
237 232
242 237
247 242
252 247
257 252
262 257
267 262
272 267
277 272
282 277
287 282
292 287
297 292
302 297
307 302
312 307
317 312
322 317
327 322
332 327
337 332
342 337
347 342
352 347
357 352
362 357
367 362
372 367
377 372
382 377
387 382
392 387
397 392
202 397
408 403
413 408
418 413
423 418
428 423
433 428
438 433
443 438
448 443
453 448
458 453
463 458
468 463
1241 468
1279 473
1334 478
1217 483
1235 488
1321 493
1353 498
1250 503
1201 508
1344 513
1267 518
1361 523
1370 528
1338 533
543 538
548 543
553 548
558 553
563 558
568 563
573 568
578 573
583 578
588 583
593 588
598 593
403 598
513 1201
488 1217
493 1235
473 1241
508 1250
523 1267
478 1279
498 1321
483 1334
538 1338
518 1344
503 1353
528 1361
533 1370
608 604
609 608
610 609
611 610
605 611
612 605
613 612
614 613
615 614
606 615
616 606
617 616
618 617
619 618
607 619
620 607
621 620
622 621
623 622
604 623
