1 1 397 3
1 2 866 3
1 3 44 3
2 1 28 2
2 2 134 1
3 1 9 2
3 2 745 1
3 3 19 3
4 1 342 3
4 2 376 3
4 3 90 3
5 1 1147 3
5 2 1156 3
5 3 1273 1
6 1 885 2
6 2 1078 1
6 3 320 3
7 1 1249 2
7 2 401 1
7 3 41 3
8 1 182 2
8 2 698 1
8 3 519 1
9 1 64 2
9 3 219 3
10 1 198 3
10 2 238 3
11 1 623 3
11 2 499 3
11 3 120 3
12 1 185 3
12 2 155 1
12 3 537 3
13 1 1207 2
13 2 61 1
13 3 466 3
14 1 179 3
14 2 541 1
14 3 30 1
15 1 1086 3
15 2 548 3
15 3 25 2
16 1 218 3
16 2 491 1
16 3 466 1
17 1 390 2
17 2 378 1
17 3 31 3
18 1 317 3
18 2 374 3
18 3 65 3
19 1 1190 3
19 2 103 3
20 1 53 3
20 2 25 1
20 3 194 3
21 1 718 2
21 2 321 1
22 1 881 3
22 2 329 1
22 3 85 3
23 1 973 2
23 2 723 1
23 3 147 1
24 1 66 2
24 2 211 1
25 3 207 3
26 1 79 3
26 2 81 3
26 3 831 3
27 1 372 3
27 2 877 3
28 1 1094 3
29 1 348 3
29 2 58 1
29 3 42 1
30 2 79 1
30 3 1267 3
31 1 493 2
31 2 445 1
32 1 388 3
32 2 254 1
32 3 186 3
33 1 511 3
33 2 1281 3
33 3 357 3
34 1 299 2
34 2 277 3
34 3 505 3
35 1 159 2
35 2 527 3
35 3 59 2
36 1 128 2
36 2 788 3
36 3 956 3
37 1 489 3
37 2 1236 3
37 3 80 3
38 1 1264 2
38 2 288 3
39 1 1029 3
39 2 252 3
39 3 261 3
40 1 205 3
40 2 916 3
40 3 270 3
41 1 69 2
41 2 705 1
42 2 131 1
42 3 800 3
43 1 534 3
43 2 232 3
43 3 1064 3
44 1 511 2
44 2 680 3
45 1 1038 2
45 2 156 1
45 3 291 1
46 1 269 3
46 2 1029 1
46 3 263 3
47 1 289 2
47 2 681 3
47 3 833 3
48 1 101 2
48 2 111 1
48 3 60 2
49 1 507 2
49 2 805 3
49 3 92 2
50 1 247 2
50 2 513 1
50 3 838 3
51 1 879 3
51 2 156 3
51 3 470 3
52 1 284 2
52 2 221 1
52 3 840 1
53 1 245 3
53 2 1083 3
54 1 415 3
54 2 476 3
54 3 175 3
55 1 371 2
55 2 275 1
55 3 922 3
56 1 455 3
56 2 139 3
57 1 264 2
57 2 1223 3
57 3 201 1
58 2 86 3
58 3 404 3
59 1 813 3
60 1 139 2
61 2 897 1
61 3 163 3
62 1 417 3
62 2 291 3
63 1 250 2
63 2 983 1
63 3 135 3
64 1 1082 2
64 3 166 3
65 1 426 3
65 2 1085 3
66 1 336 2
67 1 152 2
67 2 1194 1
67 3 319 2
68 1 191 2
68 2 160 1
68 3 364 2
69 1 1278 3
69 3 78 3
70 1 241 2
70 2 1143 3
70 3 1274 3
71 1 237 3
71 2 324 1
71 3 447 1
72 1 673 2
72 2 924 1
72 3 308 3
73 1 148 2
73 2 638 1
73 3 243 1
74 1 1278 2
74 2 665 3
74 3 378 3
75 1 775 2
75 2 167 1
75 3 249 1
76 1 1142 3
76 2 105 1
76 3 419 1
77 1 558 2
77 2 102 1
77 3 334 3
78 1 1282 2
78 2 731 1
79 2 94 1
80 1 620 2
80 2 574 1
81 1 337 2
81 2 860 1
82 1 135 2
82 2 767 3
82 3 778 3
83 1 282 3
83 2 356 3
83 3 712 3
84 1 183 2
84 2 644 3
84 3 166 2
85 1 744 3
85 2 226 1
86 1 170 2
86 2 410 1
87 1 634 3
87 2 268 3
88 1 648 3
88 2 492 3
89 1 195 3
89 2 444 3
89 3 154 3
90 1 428 3
90 2 482 3
91 1 1093 2
91 2 1105 1
91 3 601 3
92 1 224 2
92 3 429 3
93 1 317 2
93 2 316 1
93 3 326 1
94 2 547 3
94 3 414 2
95 1 110 2
95 2 1055 1
95 3 490 3
96 1 859 3
96 2 559 1
96 3 439 3
97 1 1089 2
97 2 1224 3
97 3 324 3
98 1 193 2
98 2 1042 1
98 3 324 2
99 1 330 3
99 2 650 3
100 1 747 2
100 2 405 1
100 3 166 1
101 1 206 2
101 3 127 1
102 2 484 1
103 1 412 2
103 2 192 1
104 1 665 2
104 2 1100 1
104 3 493 3
105 2 511 1
105 3 694 3
106 1 564 2
106 2 177 1
106 3 334 2
107 1 760 3
107 2 1263 1
108 1 347 2
108 2 558 1
108 3 227 3
109 1 162 2
109 2 578 3
109 3 514 3
110 1 574 2
110 3 357 1
111 2 142 3
112 1 855 3
112 2 1149 1
112 3 435 1
113 1 210 3
113 2 718 3
114 1 258 2
114 2 257 1
114 3 248 3
115 1 153 3
115 2 225 3
115 3 438 3
116 1 176 2
116 2 996 3
116 3 447 3
117 1 1228 2
117 2 1288 1
117 3 784 2
118 1 1186 2
118 2 1264 3
118 3 1263 3
119 1 726 2
119 2 1132 3
119 3 267 3
120 1 222 2
120 2 1207 3
121 1 460 3
121 2 716 3
121 3 510 3
122 1 1286 2
122 2 885 3
122 3 149 3
123 1 268 2
123 2 346 3
124 1 401 3
124 2 894 3
124 3 1282 3
125 1 567 3
125 2 533 3
125 3 290 3
126 1 1219 3
126 2 733 3
126 3 150 3
127 2 480 1
127 3 283 3
128 1 329 2
128 3 524 3
129 1 1270 3
129 2 262 3
129 3 1268 1
130 1 668 3
130 2 339 3
131 2 810 3
131 3 1101 3
132 1 663 2
132 2 310 1
132 3 692 3
133 1 512 2
133 2 336 1
133 3 312 3
134 2 959 3
134 3 223 1
135 1 925 2
136 1 491 2
136 2 1065 3
136 3 257 3
137 1 1215 3
137 2 399 1
137 3 482 2
138 1 181 3
138 2 354 1
138 3 543 3
139 1 480 2
140 1 509 3
140 2 457 3
141 1 246 2
141 2 577 1
141 3 213 3
142 1 303 2
142 2 520 1
143 1 429 2
143 2 235 1
143 3 187 3
144 1 1199 3
144 2 404 1
144 3 596 3
145 1 1007 2
145 2 173 1
145 3 670 3
146 1 639 3
146 2 420 3
147 2 222 3
147 3 783 3
148 1 882 3
148 3 200 3
149 1 559 2
149 2 630 3
150 1 646 2
150 2 999 1
151 1 438 2
151 2 239 1
151 3 286 1
152 1 1202 3
152 3 967 3
153 1 422 2
153 2 1045 1
154 1 769 3
154 2 343 3
155 2 848 3
155 3 471 3
156 2 619 1
157 1 538 2
157 2 400 1
157 3 579 3
158 1 651 3
158 2 478 3
159 1 184 3
159 3 463 3
160 2 892 1
160 3 616 3
161 1 544 3
161 2 283 1
161 3 180 3
162 1 827 2
162 3 741 2
163 1 1277 2
163 2 436 3
164 1 604 2
164 2 853 1
164 3 226 3
165 1 1011 2
165 2 682 3
165 3 1283 3
167 2 1215 1
167 3 423 2
168 1 190 2
168 2 552 3
168 3 713 3
169 1 918 3
169 2 274 1
169 3 266 3
170 1 483 2
170 3 554 3
171 1 850 2
171 2 317 1
171 3 276 3
172 1 306 3
172 2 372 1
173 2 954 1
173 3 391 3
174 1 250 3
174 2 586 3
174 3 234 2
175 1 197 2
175 2 904 1
176 1 751 3
176 3 593 3
177 2 481 1
177 3 558 3
178 1 1003 3
178 2 277 1
178 3 445 3
179 1 1124 2
179 2 1226 1
180 1 379 3
180 2 285 3
181 1 979 2
181 2 398 1
182 1 692 2
182 3 814 3
183 1 902 2
183 3 706 3
184 1 280 3
184 2 687 1
185 1 468 2
185 2 652 3
186 1 216 2
186 2 984 3
187 1 437 2
187 2 549 1
188 1 1149 3
188 2 354 3
188 3 1272 2
189 1 293 3
189 2 212 3
189 3 1078 3
190 1 794 3
190 3 824 3
191 1 267 2
191 3 656 3
192 2 365 1
192 3 595 3
193 1 202 2
193 3 318 1
194 1 332 2
194 2 627 3
195 1 735 3
195 2 350 1
196 1 1059 3
196 2 406 3
196 3 206 3
197 1 1227 2
197 3 950 3
198 1 413 2
198 2 947 3
199 1 1034 2
199 2 506 1
199 3 232 1
200 1 600 2
200 2 807 1
201 2 761 3
201 3 624 3
202 1 527 2
203 1 581 3
203 2 647 3
204 1 801 2
204 2 604 1
204 3 485 2
205 1 296 2
205 2 457 1
206 1 303 3
207 1 671 3
207 2 940 3
208 1 1103 2
208 2 573 1
208 3 472 1
209 1 591 2
209 2 538 3
209 3 679 3
210 1 1213 2
210 2 1225 1
211 2 575 1
211 3 234 1
212 1 366 2
212 2 473 1
213 1 645 3
213 2 389 3
214 1 507 3
214 2 553 3
215 1 517 2
215 2 865 1
215 3 292 3
216 1 714 3
216 3 408 3
217 1 764 3
217 2 1008 3
218 1 436 2
218 2 475 3
219 1 899 3
219 2 747 3
220 1 640 3
220 2 440 3
221 2 822 1
221 3 805 2
222 1 910 3
223 2 256 3
224 1 302 3
224 3 549 3
225 1 341 3
225 2 397 1
226 2 944 3
227 1 550 2
227 2 1129 1
228 1 1026 3
228 2 1265 1
228 3 469 3
229 1 1168 2
229 2 544 1
229 3 242 1
230 1 763 3
230 2 937 3
231 1 653 3
231 2 612 3
232 2 563 1
233 1 754 3
233 2 628 3
235 2 664 3
235 3 502 3
236 1 297 2
236 2 995 1
236 3 463 2
237 1 284 3
237 2 294 1
238 1 1019 3
238 2 486 1
239 2 1142 1
239 3 265 2
240 1 794 2
240 2 340 1
240 3 249 3
241 1 479 2
241 3 771 2
242 2 403 3
242 3 525 3
243 2 935 3
244 1 449 2
244 2 945 1
244 3 264 3
245 1 385 3
245 2 478 1
246 1 762 3
246 3 759 3
247 1 945 3
247 3 585 3
248 1 661 2
248 2 922 1
249 2 552 1
250 1 575 3
251 1 260 2
251 2 461 1
251 3 1287 3
252 1 1138 3
252 2 966 1
253 1 537 2
253 2 571 1
253 3 333 1
254 2 338 3
254 3 582 3
255 1 638 2
255 2 451 3
255 3 439 2
256 1 400 2
256 2 702 1
257 2 395 3
258 1 683 3
258 3 424 1
259 1 719 2
259 2 327 1
259 3 888 2
260 1 787 2
260 3 900 3
261 1 706 2
261 2 487 1
262 1 917 2
262 2 436 1
263 1 487 3
263 2 313 1
264 1 585 2
265 1 458 2
265 3 421 3
266 1 301 3
266 2 313 3
267 1 669 2
268 1 887 2
269 1 301 2
269 2 360 1
270 1 970 3
270 2 1123 3
271 1 544 2
271 2 744 1
271 3 817 3
272 1 420 2
272 2 565 3
273 1 331 2
273 2 292 1
273 3 1169 3
274 2 771 3
274 3 1275 3
275 2 322 3
275 3 424 2
276 1 373 3
276 2 844 1
277 2 1171 3
278 1 883 3
278 2 952 3
279 1 547 2
279 2 1234 3
279 3 635 1
280 1 1106 2
280 2 343 1
281 1 294 2
281 2 840 3
282 1 467 2
282 2 376 1
283 2 825 3
284 1 996 2
285 1 1117 3
285 2 403 1
286 2 785 1
286 3 1285 1
287 1 514 2
287 2 383 1
287 3 686 3
288 1 1068 2
288 2 465 1
289 1 1114 3
289 3 1276 1
290 1 990 2
290 2 1222 1
291 2 359 1
292 2 758 1
293 1 1179 2
293 2 1153 3
294 3 318 2
295 1 546 2
295 2 882 1
295 3 409 2
296 1 1058 3
296 3 815 3
297 1 1115 2
297 3 537 1
298 1 481 2
298 2 656 1
298 3 490 1
299 1 390 3
299 3 416 3
300 1 530 2
300 2 1039 3
300 3 626 3
301 1 772 2
302 1 1084 2
302 2 553 1
303 1 957 2
304 1 826 2
304 2 453 1
304 3 617 3
305 1 731 3
305 2 516 1
305 3 1278 1
306 1 703 2
306 2 598 1
307 1 689 3
307 2 830 3
308 1 738 3
308 2 494 3
309 1 717 3
309 2 734 1
309 3 742 3
310 2 755 1
310 3 1015 3
311 1 577 2
311 2 353 1
311 3 1214 3
312 1 532 2
312 2 591 1
313 2 730 3
314 1 628 2
314 2 695 3
315 1 1222 3
315 2 734 3
315 3 837 3
316 2 1190 1
316 3 745 3
319 1 740 3
319 3 603 3
320 1 473 3
320 2 636 1
321 2 965 1
321 3 431 3
322 1 394 2
322 2 355 3
323 1 685 2
323 2 663 1
323 3 415 2
325 1 598 2
325 2 443 1
325 3 652 1
326 2 773 3
326 3 931 3
327 2 1174 1
327 3 750 3
328 1 408 2
328 2 495 1
328 3 446 3
329 3 613 3
330 1 523 2
330 2 692 1
331 1 363 2
331 3 500 3
332 1 1116 3
332 3 672 3
333 2 569 3
333 3 468 3
334 1 377 2
335 1 844 3
335 2 1093 3
335 3 474 3
337 1 1271 2
337 3 1270 1
338 1 971 3
338 2 427 1
339 1 498 2
339 2 798 1
340 2 539 3
341 1 637 2
341 2 492 1
342 1 999 2
342 2 953 1
343 2 1195 1
344 1 373 2
344 2 940 1
344 3 968 2
345 1 539 2
345 2 781 3
346 1 901 2
346 2 526 1
347 1 484 2
347 3 370 3
348 1 876 3
348 2 554 1
349 1 577 3
349 2 453 3
349 3 622 3
350 2 1028 3
350 3 802 3
351 1 542 3
351 2 425 3
352 1 757 3
352 2 728 3
353 2 382 3
353 3 583 2
354 2 1147 1
355 1 679 2
355 2 545 1
356 1 1072 2
356 2 950 1
357 2 708 3
358 1 645 2
358 2 501 1
358 3 425 2
359 2 631 3
360 2 861 1
360 3 510 2
361 1 1111 2
361 2 369 1
361 3 1084 3
362 1 1130 2
362 2 406 1
362 3 812 3
363 1 960 2
363 3 461 3
364 1 490 2
364 3 780 3
365 2 601 1
365 3 641 3
366 1 382 2
366 3 508 1
367 1 469 2
367 2 1220 1
367 3 657 3
368 1 930 2
368 2 717 1
368 3 951 3
369 2 402 1
369 3 442 2
370 1 1136 2
370 2 569 1
371 1 983 3
371 3 925 3
372 2 1181 1
373 1 1085 2
374 1 931 2
374 2 456 1
375 1 396 2
375 2 888 1
375 3 619 3
376 2 666 3
377 1 921 3
378 2 979 1
379 1 928 2
379 2 923 1
380 1 385 2
380 2 1095 1
380 3 639 2
381 1 934 2
381 2 589 1
381 3 891 3
382 1 762 2
383 2 1121 1
383 3 962 3
384 1 975 3
384 2 992 3
385 1 1189 2
386 1 795 3
386 2 871 3
387 1 659 3
387 2 518 1
387 3 1011 3
388 1 578 2
388 2 971 1
389 1 765 2
389 2 893 1
390 1 398 2
391 1 1217 2
391 2 1033 1
392 1 1076 3
392 2 948 3
393 1 873 3
393 2 799 3
394 1 591 3
394 3 477 3
395 1 683 2
395 2 1164 3
396 1 716 2
396 3 868 3
397 2 1122 3
398 3 725 2
399 2 907 3
399 3 999 3
400 3 826 3
401 2 1245 1
402 2 560 1
402 3 590 3
403 2 1003 1
404 2 568 3
405 2 673 1
405 3 1125 3
406 2 1057 1
407 1 542 2
407 2 1110 1
407 3 589 3
408 1 782 3
409 1 1039 2
409 3 807 3
410 2 441 3
410 3 448 3
411 1 431 2
411 2 698 3
412 1 601 2
412 3 474 1
413 1 684 3
414 1 1270 2
414 3 753 3
415 1 867 3
416 1 993 3
416 2 725 3
417 1 551 2
417 2 846 1
418 1 946 2
418 2 748 1
418 3 439 1
419 2 1162 1
419 3 421 1
420 1 955 2
421 2 958 1
422 1 1051 2
422 3 1285 3
423 1 1211 3
423 3 482 1
424 3 483 3
425 1 765 3
426 1 430 2
426 2 1116 1
427 2 539 1
427 3 794 1
428 1 690 2
428 2 1211 1
429 1 822 3
430 1 802 2
430 3 611 3
431 1 519 2
432 1 759 2
432 2 946 1
432 3 976 3
433 1 1203 2
433 2 488 1
433 3 669 3
434 1 935 2
434 2 606 1
435 2 1274 1
435 3 1276 3
437 1 1021 3
437 3 842 3
438 1 680 2
440 1 797 2
440 2 496 1
441 1 545 2
441 2 835 3
442 1 768 2
442 3 846 2
443 2 703 1
443 3 526 2
444 1 611 2
444 2 1035 3
445 2 525 1
446 1 520 2
446 2 957 1
447 2 1088 3
448 1 1200 3
448 2 596 1
449 1 922 2
449 3 743 3
450 1 731 2
450 2 1170 3
450 3 485 3
451 1 882 2
451 2 701 1
452 1 803 3
452 2 865 3
453 2 862 1
454 1 1068 3
454 2 1022 1
454 3 500 2
455 1 496 2
455 2 529 1
456 2 658 1
456 3 611 1
457 2 503 1
458 1 1279 2
458 3 1280 3
459 1 884 3
459 2 915 3
460 1 908 2
460 2 994 3
461 2 1097 3
462 1 1263 2
462 2 749 1
462 3 1285 2
463 1 571 2
464 1 607 2
464 2 960 3
464 3 676 3
465 2 819 1
466 2 623 1
467 1 965 3
467 3 519 3
468 1 592 3
469 1 649 2
470 1 888 3
470 2 737 3
471 1 1037 3
471 2 1115 3
472 2 1179 1
472 3 704 3
473 2 976 1
474 2 850 3
475 1 513 2
475 2 1065 1
476 1 629 2
476 2 712 1
477 1 983 2
477 2 512 3
478 2 605 1
479 1 1230 3
479 3 843 1
480 3 928 3
481 3 1055 3
483 1 545 3
484 3 813 1
485 1 1099 3
486 2 732 3
487 2 806 1
488 2 1216 1
488 3 715 2
489 1 942 3
489 2 1238 3
491 3 919 2
492 2 845 1
493 1 525 2
494 1 910 2
494 2 1175 1
495 2 566 1
497 1 1036 3
497 2 849 3
498 1 1152 2
498 3 726 1
499 1 1053 2
499 2 1090 3
500 1 1180 3
501 2 1218 3
502 1 621 3
502 2 902 1
503 2 821 3
504 1 1079 2
504 2 895 1
504 3 1149 2
505 1 1032 3
505 2 989 3
506 2 1230 1
506 3 1004 2
507 1 625 2
508 2 1066 3
508 3 583 3
509 1 587 2
509 2 916 1
510 1 710 2
512 1 575 2
513 3 917 1
514 1 984 2
515 1 695 2
515 2 1242 1
516 2 604 3
516 3 898 3
517 1 581 2
517 3 535 3
518 2 855 1
518 3 1158 3
521 1 914 3
521 2 796 3
522 1 1235 3
522 2 908 3
522 3 861 3
523 1 698 2
524 1 962 2
524 2 1062 1
527 1 1042 2
528 1 938 3
528 2 806 3
528 3 673 3
529 2 797 1
529 3 608 3
530 1 1201 3
531 1 540 2
531 2 1197 3
531 3 1102 3
532 1 702 3
533 1 1075 2
533 2 616 1
534 1 541 2
534 2 1071 3
535 1 1025 2
535 2 561 1
536 1 1128 2
536 2 567 1
536 3 837 2
538 1 702 2
540 1 1198 3
540 3 715 3
541 3 1151 3
542 1 816 2
543 1 895 3
543 2 705 3
546 1 1056 2
546 3 1006 3
547 1 1151 2
548 1 757 2
548 2 739 1
549 2 1111 3
550 1 1239 2
550 3 620 3
551 1 768 3
552 2 987 3
553 2 756 1
554 2 683 1
555 1 903 2
555 2 760 1
556 1 586 2
556 2 1201 1
557 1 735 2
557 2 906 1
557 3 954 3
559 3 636 3
560 2 1021 1
560 3 1140 3
561 2 933 1
561 3 1046 3
562 1 844 2
562 2 968 1
562 3 607 3
563 2 704 1
563 3 657 1
564 1 874 2
564 3 1152 3
565 1 618 2
565 2 570 1
566 2 913 3
566 3 932 3
567 2 1209 1
568 1 1016 3
568 2 810 1
569 2 1061 1
570 2 634 1
571 3 813 2
572 1 1220 2
572 2 649 1
572 3 1234 2
573 2 1017 1
573 3 869 3
574 3 746 2
576 1 750 2
576 2 1104 1
576 3 737 1
578 1 818 2
579 1 926 2
579 2 1205 1
580 1 584 2
580 2 671 1
580 3 739 3
581 1 700 2
582 1 824 2
582 2 782 1
583 1 854 2
584 1 933 3
584 3 1050 3
585 1 1060 3
586 1 778 2
587 1 732 2
588 1 1048 3
588 2 1144 3
589 2 765 1
590 1 619 2
590 2 1038 1
592 1 1181 2
592 2 598 3
593 1 658 2
593 2 931 1
594 1 723 2
594 2 918 1
594 3 730 2
595 1 1280 2
595 2 899 1
596 2 854 3
597 1 1016 2
597 2 869 1
597 3 1017 3
599 1 860 2
599 2 1284 1
599 3 1047 2
600 1 1160 3
602 1 650 2
602 2 689 1
603 1 1204 2
603 2 833 1
605 2 639 1
606 2 891 1
606 3 1110 3
607 1 981 3
608 1 923 2
608 2 928 1
609 1 847 3
609 2 768 1
610 1 877 2
610 2 764 1
612 1 739 2
612 2 677 1
613 1 997 2
613 2 817 1
614 1 927 2
614 2 1196 1
614 3 1286 3
615 1 624 2
615 2 767 1
615 3 743 1
616 2 1049 3
617 1 1214 2
617 2 926 3
618 1 1154 2
618 3 670 1
620 1 1055 2
621 1 998 2
621 2 644 1
622 1 1109 3
622 2 645 1
623 2 919 1
624 1 1006 2
625 1 779 3
626 1 1176 2
626 2 789 1
627 1 766 2
627 2 1189 3
628 1 655 2
629 1 814 2
629 3 663 3
630 1 1020 2
630 2 1013 1
631 1 879 2
631 2 674 1
632 1 951 2
632 2 1182 1
632 3 1178 3
633 1 1091 3
633 2 988 3
634 2 1154 1
635 2 1010 3
635 3 964 3
636 2 946 3
637 1 1118 2
637 3 1045 3
638 3 828 3
640 1 674 2
640 2 786 1
641 1 787 3
641 2 1279 3
642 1 1233 3
642 2 1158 1
642 3 1276 2
643 1 1175 2
643 2 910 1
643 3 723 3
644 2 1040 1
646 1 953 2
646 3 1283 1
647 1 1046 2
647 2 654 1
648 1 823 2
648 2 1122 1
649 3 889 3
650 1 1015 2
651 1 711 2
651 2 1083 1
652 2 901 1
653 1 654 2
653 2 1050 1
655 1 894 2
655 3 1052 3
656 2 874 1
657 2 1173 1
658 3 1030 3
659 1 804 2
659 2 1260 1
660 1 891 2
660 2 828 1
660 3 748 3
661 1 945 2
661 3 1065 2
662 1 664 2
662 2 996 1
662 3 998 3
664 1 822 2
665 1 898 2
666 1 965 2
666 2 980 1
667 1 1166 2
667 2 1262 1
667 3 1261 2
668 1 693 2
668 2 1132 1
669 1 892 2
670 2 955 1
671 2 941 1
672 1 940 2
672 2 1085 1
675 1 1262 2
675 2 1184 3
676 1 1097 2
676 2 1093 1
677 2 757 1
678 1 694 2
678 2 1047 3
678 3 1162 2
679 1 1205 3
680 1 1142 2
681 1 1226 2
681 2 740 1
682 1 950 2
682 2 1072 1
684 1 697 2
684 2 741 1
685 1 755 2
685 3 969 3
686 1 956 2
686 2 709 1
687 2 1089 3
687 3 1042 3
688 1 819 3
688 2 803 1
689 2 1108 1
690 1 1225 3
690 3 980 3
691 1 1063 3
691 2 903 3
693 1 799 2
694 1 708 2
695 1 1183 2
696 1 991 3
696 2 784 1
696 3 897 3
697 1 827 3
699 1 916 2
699 2 732 1
699 3 793 3
700 1 865 2
701 2 1056 1
701 3 859 1
704 2 1004 1
705 2 979 3
706 1 1125 2
707 1 789 2
707 2 1160 1
708 1 780 2
709 2 947 1
709 3 741 3
710 1 1029 2
710 3 912 3
711 1 728 2
712 2 814 1
713 1 1120 3
713 2 932 1
714 1 1057 2
714 2 1130 1
715 1 1009 3
716 1 719 3
717 2 1001 1
718 1 980 2
719 1 994 2
720 1 871 2
720 2 1031 3
721 1 932 2
721 2 1213 3
722 1 781 2
722 2 818 1
724 1 818 3
724 2 827 1
725 1 1147 2
726 3 874 3
727 1 840 2
727 2 779 1
728 1 1086 2
729 1 1017 2
729 2 1027 1
729 3 810 2
730 1 938 2
733 1 1091 2
733 2 1135 1
734 2 1202 1
735 1 1195 3
736 1 830 2
736 2 795 1
737 2 878 1
738 1 897 2
738 2 1207 1
740 2 1124 1
742 1 841 2
742 2 1206 3
743 2 925 1
744 2 1168 1
745 2 1082 1
746 1 929 3
746 3 1281 2
747 1 924 2
748 2 934 3
749 2 1229 3
749 3 1051 3
750 1 1221 2
751 1 773 2
751 2 998 1
752 1 835 2
752 2 926 1
752 3 1200 1
753 1 964 2
753 2 1177 1
754 1 851 2
754 2 1139 1
755 3 880 3
756 2 847 1
758 2 960 1
758 3 1025 3
759 1 893 3
760 2 1229 1
761 1 1000 3
761 2 1056 3
762 1 976 2
763 1 870 2
763 2 1192 1
764 2 1212 1
766 1 1070 3
766 3 791 3
767 2 1043 1
769 1 1081 3
769 2 1089 1
770 1 1045 2
770 2 1112 1
770 3 1063 2
771 1 1137 2
772 1 861 2
772 3 1005 2
773 1 1040 2
774 1 1218 2
774 2 1094 1
775 1 849 2
776 1 937 2
776 2 883 1
777 1 1008 2
777 2 1163 3
778 1 1092 2
779 2 805 1
780 1 1145 3
781 1 971 2
782 2 913 1
783 1 1090 2
783 2 977 1
784 3 1277 3
785 2 1279 1
785 3 900 2
786 2 879 1
786 3 878 3
787 1 1105 3
788 1 881 2
788 2 1167 3
790 1 947 2
790 2 956 1
790 3 852 3
791 1 1116 2
791 2 802 1
792 1 1043 3
792 2 1039 1
792 3 1092 3
793 1 1019 2
793 2 1098 1
795 2 1178 1
796 1 1077 2
796 2 851 1
797 3 920 3
798 2 921 1
799 1 1133 2
800 1 1237 3
800 2 1053 1
801 1 1123 2
801 3 815 1
803 2 1169 1
804 1 1166 3
804 3 808 2
806 2 1125 1
807 2 1176 3
808 1 911 3
808 3 1283 2
809 1 952 2
809 2 975 1
811 1 1118 3
811 2 1063 1
812 1 1062 2
812 2 962 1
815 2 978 3
816 1 829 2
817 2 825 1
819 2 1054 1
820 1 864 2
820 2 937 1
820 3 929 1
821 1 1058 2
821 2 836 1
823 1 992 2
824 1 913 2
825 2 1059 1
826 1 959 2
828 2 935 1
829 1 1110 2
830 1 1119 2
831 1 1075 3
831 2 1209 3
832 1 988 2
832 2 1036 1
833 2 1233 1
834 1 880 2
834 2 930 1
834 3 1108 3
835 1 1205 2
836 2 914 1
837 1 967 2
838 1 1177 2
838 2 1113 3
839 1 1033 2
839 2 1037 1
839 3 887 3
841 1 1102 2
841 3 974 3
842 1 966 2
842 2 961 3
843 2 1080 3
843 3 886 2
845 2 1118 1
846 3 1038 3
847 2 1084 1
848 1 901 3
848 2 887 1
849 1 1215 2
850 1 1190 2
852 1 1167 2
852 2 1019 1
853 2 1123 1
853 3 1041 3
854 1 1044 3
855 2 1079 3
856 1 1163 2
856 2 1048 1
857 1 948 2
857 2 1091 1
858 1 1031 2
858 2 884 1
859 2 1020 3
860 3 1131 1
862 2 959 1
862 3 1024 3
863 1 1171 2
863 2 994 1
863 3 1032 1
864 1 883 2
864 3 909 2
866 1 896 3
866 2 890 1
867 1 936 2
867 2 1204 1
868 1 1140 2
868 2 912 1
869 2 1153 1
870 1 1144 2
871 1 1182 3
872 1 1128 3
872 2 967 1
872 3 1124 3
873 1 905 2
873 2 1191 1
875 1 972 2
875 2 1113 1
875 3 964 1
876 1 1157 2
876 2 1164 1
877 1 1096 2
878 2 920 1
880 1 1001 2
881 1 1041 2
884 2 1197 1
885 1 1026 2
886 1 1004 3
886 3 1103 3
889 1 1266 2
889 2 1010 1
890 2 909 3
890 3 1281 1
892 3 990 3
893 2 934 1
894 1 1183 3
895 2 1251 1
896 1 1014 3
896 2 1231 3
898 1 944 2
899 2 1228 1
900 1 1186 3
902 3 966 3
903 1 1188 2
904 2 985 1
904 3 936 3
905 1 915 2
906 2 963 3
906 3 1217 3
907 1 1036 2
907 2 1219 1
908 1 1032 2
909 1 1232 3
911 1 1135 3
911 2 1240 3
912 2 1138 1
914 2 982 1
915 1 1198 2
917 3 1177 3
918 2 973 1
919 3 1150 3
920 2 1104 3
921 2 1152 1
923 3 1018 3
924 3 991 1
927 1 986 2
927 3 1013 3
929 2 1192 3
930 3 1119 3
933 2 1159 1
936 1 1233 2
938 1 1175 3
939 1 1073 3
939 2 1193 1
939 3 1212 3
941 2 1159 3
941 3 968 3
942 1 1192 2
942 2 1144 1
943 1 977 3
943 2 1080 1
943 3 1137 1
944 1 1100 2
948 1 1135 2
949 1 1184 2
949 2 1076 1
951 1 1206 2
952 1 1232 2
953 3 1072 3
954 2 1028 1
955 3 1095 3
957 3 1057 3
958 2 1269 1
958 3 1288 3
961 1 1138 2
961 2 1140 1
963 1 995 2
963 2 1115 1
969 1 1194 2
969 2 1126 3
970 1 1098 3
970 2 1041 1
972 1 1196 2
972 3 1010 2
973 3 1137 3
974 1 1222 2
974 2 1009 1
975 2 1231 1
977 2 1141 1
978 1 1099 2
978 2 1002 1
981 1 1159 2
981 2 1025 1
982 2 1058 1
982 3 1002 3
984 1 1121 2
985 2 1227 1
985 3 1158 2
986 1 1113 2
986 3 1060 1
987 1 1211 2
987 2 1148 3
988 1 1219 2
989 1 1235 2
989 2 993 1
990 1 1009 2
991 2 1228 3
992 1 1014 2
993 2 1156 1
995 3 1106 3
997 1 1059 2
997 3 1062 3
1000 1 1185 2
1000 2 1020 1
1001 3 1126 2
1002 2 1155 1
1003 2 1165 1
1005 1 1012 3
1005 3 1275 2
1006 1 1043 2
1007 1 1070 2
1007 3 1074 3
1008 1 1193 3
1011 1 1227 3
1012 1 1156 2
1012 2 1235 1
1013 2 1185 1
1014 1 1122 2
1015 1 1108 2
1016 1 1199 2
1018 1 1104 2
1018 2 1117 1
1021 2 1111 1
1022 2 1264 1
1022 3 1287 1
1023 1 1182 2
1023 2 1069 1
1023 3 1067 3
1024 1 1094 2
1024 2 1109 1
1026 1 1127 2
1027 2 1103 1
1027 3 1087 3
1028 2 1070 1
1030 1 1088 2
1030 2 1035 1
1031 1 1067 2
1033 3 1154 3
1034 1 1114 2
1034 3 1071 2
1035 2 1081 1
1037 2 1217 1
1040 3 1082 3
1044 1 1200 2
1044 2 1214 1
1046 1 1050 2
1047 1 1145 2
1048 2 1238 1
1049 1 1131 2
1049 2 1145 1
1051 1 1112 2
1052 1 1187 2
1052 2 1161 1
1053 3 1157 3
1054 2 1068 1
1054 3 1180 2
1060 2 1223 1
1061 2 1107 1
1061 3 1181 3
1064 1 1220 3
1064 2 1208 1
1066 1 1153 2
1066 2 1199 1
1067 1 1197 2
1069 2 1206 1
1069 3 1102 1
1071 1 1226 3
1073 1 1129 2
1073 2 1239 1
1074 1 1095 2
1074 2 1189 1
1075 1 1131 3
1076 2 1240 1
1077 1 1139 2
1077 3 1155 3
1078 2 1127 1
1079 1 1257 2
1080 2 1087 1
1081 2 1224 1
1083 2 1086 1
1087 2 1101 1
1088 1 1224 2
1090 1 1237 2
1092 1 1201 2
1096 1 1212 2
1096 3 1107 3
1097 1 1105 2
1098 2 1167 1
1099 1 1146 2
1100 3 1168 3
1101 2 1141 3
1106 1 1195 2
1107 2 1136 1
1109 2 1218 1
1112 3 1188 3
1114 1 1143 2
1117 2 1221 1
1119 1 1178 2
1120 1 1148 2
1120 2 1213 1
1121 3 1130 3
1126 1 1202 2
1127 3 1173 3
1128 1 1267 2
1129 3 1136 3
1132 2 1133 1
1133 3 1203 3
1134 1 1170 2
1134 2 1187 1
1134 3 1146 3
1139 3 1187 3
1141 2 1237 1
1143 1 1230 2
1146 1 1155 2
1148 1 1225 2
1150 1 1164 2
1150 2 1157 1
1151 1 1208 3
1160 2 1176 1
1161 2 1170 1
1161 3 1282 1
1162 3 1284 3
1163 1 1172 2
1165 2 1221 3
1165 3 1174 3
1166 1 1241 3
1169 2 1180 1
1171 1 1174 2
1172 1 1238 2
1172 3 1210 3
1173 2 1179 3
1183 1 1244 2
1184 1 1241 2
1185 3 1223 2
1186 1 1287 2
1188 1 1229 2
1191 2 1198 1
1191 3 1216 3
1193 2 1210 1
1194 3 1204 3
1196 3 1266 1
1203 1 1216 2
1208 2 1234 1
1209 2 1267 1
1210 2 1236 1
1231 2 1232 1
1236 2 1239 3
1240 2 1241 1
1242 2 1244 1
1243 1 1245 2
1243 2 1246 1
1244 3 1245 3
1246 2 1247 1
1247 2 1249 1
1248 1 1249 3
1248 2 1251 3
1250 1 1251 2
1250 2 1252 1
1252 2 1253 1
1253 2 1254 1
1254 2 1255 1
1255 2 1257 1
1256 1 1257 3
1256 2 1258 1
1258 2 1260 3
1259 1 1260 2
1259 2 1261 1
1265 2 1286 1
1265 3 1266 3
1268 2 1277 1
1268 3 1269 3
1269 2 1271 3
1271 1 1284 2
1272 1 1274 2
1272 3 1273 3
1273 2 1275 1
1280 1 1288 2
