1.000000000000000000e+00 1.665334536937699928e-17
9.728876757728099900e-01 -2.105995825145199826e-03
9.256864749860399533e-01 -5.657801718937699800e-03
8.678344433106699451e-01 -9.853072781299499969e-03
8.032260179800200239e-01 -1.438154036632699993e-02
7.343750000000000000e-01 -1.905832555367399997e-02
6.631506271343200476e-01 -2.373117176232500056e-02
5.910509849932400472e-01 -2.823620216398399843e-02
5.193337956544099576e-01 -3.237945064460499844e-02
4.490887520434900249e-01 -3.593658968847700252e-02
3.812815664617700273e-01 -3.868975014630700315e-02
3.167827143763100040e-01 -4.080678992772700242e-02
2.563871975281800109e-01 -4.213478753865700088e-02
2.008287006999099900e-01 -4.237959474171099777e-02
1.507900730679100076e-01 -4.129423679778099904e-02
1.069113023472999940e-01 -3.869113711278800161e-02
6.979572136008700689e-02 -3.444423779714800293e-02
4.001493338437799724e-02 -2.848115893117600037e-02
1.811278651771799919e-02 -2.076695020315499907e-02
4.608627536384599620e-03 -1.128228350102699999e-02
0.000000000000000000e+00 0.000000000000000000e+00
4.608627536384599620e-03 1.219869914636199926e-02
1.811278651771799919e-02 2.430748924783900089e-02
4.001493338437799724e-02 3.608384688461199752e-02
6.979572136008700689e-02 4.718552138912100041e-02
1.069113023472999940e-01 5.721589093984800339e-02
1.507900730679100076e-01 6.576783987740700277e-02
2.008287006999099900e-01 7.246229312548900514e-02
2.563871975281800109e-01 7.697862828020400616e-02
3.167827143763100040e-01 7.907551077108400384e-02
3.812815664617700273e-01 7.860215520777599774e-02
4.490887520434900249e-01 7.566884462434500525e-02
5.193337956544099576e-01 7.079716677957299809e-02
5.910509849932400472e-01 6.418059340099599441e-02
6.631506271343200476e-01 5.603692147774799737e-02
7.343750000000000000e-01 4.663536548422900219e-02
8.032260179800200239e-01 3.631584908010299789e-02
8.678344433106699451e-01 2.553428763154300118e-02
9.256864749860399533e-01 1.495266060968799930e-02
9.728876757728099900e-01 5.639297041547600142e-03
1.266576946759200073e+00 -1.256545654351700070e-01
1.260295775050799927e+00 -1.230862755053500068e-01
1.249360266035000055e+00 -1.186156612619199968e-01
1.235951297781799907e+00 -1.131488942430499967e-01
1.220962201909999933e+00 -1.070739744966599932e-01
1.204968061459599893e+00 -1.006446724437800033e-01
1.188400479767999895e+00 -9.404116007911400565e-02
1.171613556360799890e+00 -8.739026165513000266e-02
1.154914897448299893e+00 -8.077631951791300335e-02
1.138581287601799996e+00 -7.425037552046000189e-02
1.122861275190899955e+00 -6.785068345800200629e-02
1.107902605040099964e+00 -6.177533363898800312e-02
1.093907291639599988e+00 -5.606138818583199929e-02
1.081098047153300046e+00 -5.066525084491600023e-02
1.069681554014300096e+00 -4.554762940917599784e-02
1.059847726668400103e+00 -4.067983602108200120e-02
1.051769928265199994e+00 -3.604699397616700079e-02
1.045606227853000059e+00 -3.164825525225999775e-02
1.041501563785399931e+00 -2.749451210402800022e-02
1.039590486616700060e+00 -2.360443972769599857e-02
1.040000000000000036e+00 -2.000000000000000042e-02
1.042691577888700039e+00 -1.695412803375799873e-02
1.047454464175900046e+00 -1.472847601941900016e-02
1.054133212392700081e+00 -1.336207789572400016e-02
1.062550624181999970e+00 -1.292771697477800019e-02
1.072513995882200089e+00 -1.351693403494200023e-02
1.083821050496400096e+00 -1.522538135072699916e-02
1.096265009348800001e+00 -1.813959545365599960e-02
1.109638386871899973e+00 -2.232594559296700171e-02
1.123735245519700054e+00 -2.782212656048799887e-02
1.138351806802500032e+00 -3.463113121463599897e-02
1.153320817180000013e+00 -4.264135233504799671e-02
1.168541248294600043e+00 -5.155451582677700317e-02
1.183818876828699906e+00 -6.121586744465699892e-02
1.198935308801599930e+00 -7.144914631019400053e-02
1.213644109432600038e+00 -8.203882752289300140e-02
1.227657715223400059e+00 -9.271539985986999854e-02
1.240624843014699996e+00 -1.031264441477900001e-01
1.252082252835899912e+00 -1.127783417297699986e-01
1.261318681990799995e+00 -1.208926444934900063e-01
-2.616959114220199917e-02 1.471528727020899978e-02
-3.068164205336799955e-02 1.170538482616500023e-02
-3.850665188881299827e-02 6.422100573159700287e-03
-4.803718578453800014e-02 -1.392742893912600011e-04
-5.859308279096300115e-02 -7.592161442860299696e-03
-6.973400074440100349e-02 -1.568889900888300118e-02
-8.114217189792100049e-02 -2.423152304396899992e-02
-9.257993509590900505e-02 -3.303708234243300096e-02
-1.038682511868199987e-01 -4.192271700646699878e-02
-1.148723590019099933e-01 -5.070092160272499787e-02
-1.254789655868699949e-01 -5.919676163462399970e-02
-1.354210958585999880e-01 -6.748799150220399778e-02
-1.446034482424199963e-01 -7.543350731180199775e-02
-1.530216091634200026e-01 -8.278378422499099720e-02
-1.606762794252699911e-01 -8.929971914871899508e-02
-1.675664873101100072e-01 -9.475954293367599979e-02
-1.736850940522300102e-01 -9.896307505882899480e-02
-1.790164651769599879e-01 -1.017333318873099995e-01
-1.835359432946500058e-01 -1.029158937763999943e-01
-1.872105307096499915e-01 -1.023767956247799982e-01
-1.900000000000000022e-01 -1.000000000000000056e-01
-1.916999101592899990e-01 -9.596529731227100568e-02
-1.921538220782600115e-01 -9.060828736924400606e-02
-1.913607871598999866e-01 -8.410381305279800157e-02
-1.892920628436499941e-01 -7.667401368807899575e-02
-1.859031577672599911e-01 -6.857206357001000008e-02
-1.811457075611699885e-01 -6.006634615728399795e-02
-1.749784760923200067e-01 -5.142612848618299815e-02
-1.673769977647500129e-01 -4.290950795504699933e-02
-1.583416501307300106e-01 -3.475404760503800206e-02
-1.479042566154699923e-01 -2.717012695150800017e-02
-1.362104414320899903e-01 -2.022698171235499942e-02
-1.235948100324600063e-01 -1.375027131118800039e-02
-1.102493005156199996e-01 -7.802613337869700010e-03
-9.639320478297400130e-02 -2.450790828422200196e-03
-8.229411847648999967e-02 2.248808094645999948e-03
-6.828602544795800422e-02 6.250795292192399578e-03
-5.480297114369400008e-02 9.523268585332499148e-03
-4.244721040014599878e-02 1.204980135657100077e-02
-3.216248121369200130e-02 1.382024232128799962e-02
-1.000000000000000000e+02 -1.000000000000000000e+02
1.000000000000000000e+02 -1.000000000000000000e+02
1.000000000000000000e+02 1.000000000000000000e+02
-1.000000000000000000e+02 1.000000000000000000e+02
-6.000000000016299850e+01 -1.000000000000000000e+02
-2.000000000031300118e+01 -1.000000000000000000e+02
1.999999999961899988e+01 -1.000000000000000000e+02
5.999999999978400211e+01 -1.000000000000000000e+02
1.000000000000000000e+02 -6.000000000016299850e+01
1.000000000000000000e+02 -2.000000000031300118e+01
1.000000000000000000e+02 1.999999999961899988e+01
1.000000000000000000e+02 5.999999999978400211e+01
6.000000000016299850e+01 1.000000000000000000e+02
2.000000000031300118e+01 1.000000000000000000e+02
-1.999999999961899988e+01 1.000000000000000000e+02
-5.999999999978400211e+01 1.000000000000000000e+02
-1.000000000000000000e+02 6.000000000016299850e+01
-1.000000000000000000e+02 2.000000000031300118e+01
-1.000000000000000000e+02 -1.999999999961899988e+01
-1.000000000000000000e+02 -5.999999999978400211e+01
-2.186889378834199871e+00 8.284717780896299288e+00
-1.969156015357899914e-01 6.169637562850099899e-01
-2.316350123584199849e+01 -2.956039531443800161e+00
-6.717423323526700019e-02 2.489915002673999955e-01
-6.576988160504700254e+00 -5.223403792053200334e+01
9.410984114651899546e+00 7.258000791273500063e+00
8.239055408051999541e-01 1.377069835977499990e+00
1.055438821944399974e+00 1.221662620641000008e-01
9.776206370335499551e-01 -9.472559965628199463e-02
4.419437356177000065e-01 -6.464592506102300185e+00
6.212713171438200010e-01 -3.019389196830299937e+00
1.069924109904899945e+00 -5.976361768363900318e-01
-8.058497719144799731e+00 -3.140020007543200098e+00
6.199390606332699782e-02 -1.189270454874199912e+00
1.091002992791799908e+00 -3.496292680995899960e-01
1.154753969564599991e+01 -4.686213553408300037e+00
2.311710814450400164e+00 8.664721519778200154e-01
3.757132766620399966e+00 -1.440312472020699897e+00
8.260385291201900460e-01 5.028950467736900132e-01
-6.747214727018699953e-01 -6.135408333522700541e-01
-3.482136065935199920e-02 -9.984032052516400579e-02
-1.017123779079300017e-01 -3.827409415651399915e-01
-1.044977302701699945e-01 -1.931164544852400078e-01
4.612688885511200265e-01 -6.809847592236000224e-01
1.068894368272800044e+00 -1.927988687137900115e-01
-3.704373267317799812e-01 -3.427556704881100091e-01
-7.260350518091399641e-01 1.525959953367100053e-01
2.982119975265600242e-01 5.335658627555499578e-01
-3.178494379733399766e-01 1.408750832667000075e-01
1.240116423377499943e+00 1.390393362980799907e-01
1.135979409884699948e-01 -2.375650390053299921e-01
1.194793809419800068e+00 -2.470522869527700116e-01
2.440365185289699923e+00 -8.251273772276800367e-01
7.866681088746799722e-01 -2.797643944091899870e-01
-2.095521907069199941e-01 -1.930192973416899882e-01
-4.518096725316599893e-01 -7.546415177565700405e-02
1.442269311334199999e+00 2.844887118517199984e-02
-2.887560080803400209e-01 -1.392326507089899912e-01
9.990445787598899452e-01 -4.537412739801600231e-02
1.038047654015600063e+00 -9.708690079822600294e-02
2.636749016682399915e+00 6.420368782910499839e+00
-8.978259973438799946e-02 -1.274931710946999863e-01
-2.843740700786899847e-02 -4.107471151233799828e-02
4.988219460491399859e-01 -3.226840781106299905e-01
-1.427876868355499873e-01 -1.421784037189700034e-01
-1.746058477488499905e-01 1.337600717053200050e-01
1.477529495534699866e-01 2.861598336901199913e-01
-3.043306554017199961e+00 3.604344368263599829e+00
1.089663552603399976e+00 -1.202188577708999950e-01
1.154468588580600086e+00 -1.597400159163999966e-01
1.216973323999900103e+00 -1.816373434259500041e-01
1.379831570666000040e+00 -2.818898424096499822e-01
-3.443035311100899776e+01 4.937068690320499798e+01
2.456668619384999808e+00 4.318751283179800282e+01
-4.931903614595899654e+00 1.386715884416200029e-01
1.030665536613400102e+00 1.499065621760099949e-02
1.147107068620500048e+00 6.801611620335699937e-02
1.029754020427700034e+00 -6.115632244125600303e-02
1.072506420032899976e+00 3.098051877815400160e-02
-1.733893266600499972e-01 -1.324664353862400057e-01
-2.092331240909799939e-01 -1.239717382144199936e-01
-2.829138427273000106e-02 1.315213868845599987e-01
-3.118746479514299952e-01 2.302188487760099822e-03
-1.276167819674999926e+01 -2.651695100312700148e+01
9.494622602444600545e+00 -2.724565020106500057e+01
-2.157133258567500017e-02 -1.050786534360999974e-02
5.554288564995499655e+01 1.228707417409199998e+01
-8.570820715906399961e-03 4.048145203682500248e-02
-7.086226741457199441e-02 7.447558183433999890e-02
-1.277309092135799906e-01 5.807093527472800137e-02
-2.039605008558899868e-01 1.935204320689199939e-02
9.155660074299899476e-01 1.610772643582099872e-01
1.107991762658099955e+00 3.795705389415000020e-01
-6.467396331296700052e-02 -5.836689076280700272e-02
1.212762166871099945e+00 2.977207918180299964e-02
1.492245949594199983e+00 4.082287198222199764e-01
2.903557541323399938e-01 -2.129615377696300049e-01
-1.434187417503500050e+01 9.110827263378000751e+00
1.266614756940100062e+00 -2.022742659476299901e-02
1.301268392824600051e+00 -7.547320467513700393e-02
4.322259940974700065e-02 -1.036521759655399944e-01
3.486278210207899853e-01 2.814111415799699922e-01
5.735154232820499631e-01 2.882942204914599738e-01
9.035823719734900061e-01 -1.262322431734399952e+00
2.976177762189100129e+00 1.653434498800800156e+01
2.938890571684099839e+01 2.640218343973999993e+01
4.253128756503500085e+01 -1.893476168146500171e+01
-3.272312215022599863e-02 3.808469737818599710e-02
1.023142866151899977e+00 -3.469049126307500314e-02
1.024230896191199891e+00 -2.038987804495799930e-02
1.249447813736300095e+00 -1.585816929971400058e-01
9.299346731851300119e-01 -2.365626477598199995e-01
6.454766838223699454e-02 1.402899542091499974e-01
8.640188129435100173e-01 -1.318387984184599959e-01
-5.956978788256999735e+01 -2.953133735224599832e+01
1.541372795801100037e-01 -5.364504315126099598e-01
1.176116995748600069e-01 -1.210410357105899948e-01
-4.413040993997900330e+01 1.507909801979999997e+01
2.245566616109699876e+00 -2.710080148563000169e+00
5.333681622312600012e+00 -5.995085791730599745e+00
1.270463905486900025e+00 -2.404729188227399950e-01
1.076127144719700057e+00 -8.791053937779599869e-02
-1.366805159498399869e-01 -1.085862054866599952e-01
-1.084841995837600021e-01 -8.373529110397899544e-02
-3.497191283057900169e+00 -4.194384563270300070e+00
-8.250740350349399677e+00 -1.481473295434000015e+01
1.240335440107100062e+00 -4.100941667240399768e-01
-1.585860613884000070e-01 -1.143861825146999939e-01
6.375910712643100275e-01 -1.938725355366600067e-01
-8.668442898561999899e-01 2.809810168286099863e+00
1.030961832778900078e+00 -1.077128894948999917e-02
1.321442406806700109e+00 -1.815900797024699864e-01
-1.741640642881299994e-01 -8.591015228441699625e-01
1.054481689544300105e+00 -6.555416293774700420e-02
9.253230739147300099e-01 -4.584428484042200047e-01
1.624572066063600106e-01 1.710069360760599899e-01
-2.609954017367000032e-03 -2.139605077396899979e-01
-5.315364910732699455e-01 -2.292749805389199924e+00
1.951112392785200045e-01 1.231712558745899910e+00
1.032961356420400101e+00 -3.959582774243099873e-02
2.683659670907000105e+01 7.215289517905199901e+00
1.008353165329199941e+00 -1.574523652347600000e-01
-1.459978361232499999e+01 3.033966973831099878e+01
1.199706950061999899e+00 -1.380717094935199896e-01
9.957490295447399831e-01 4.755667361059699727e-02
7.419854409022700104e+00 2.906798054964899958e+00
4.205745128580000158e-01 -1.700467703311800138e-01
2.081057111621899963e-02 9.450173220594100532e-02
2.016520517399500001e+00 -1.535199477906399879e-01
1.540182240983299922e+00 -1.396069889435199995e-01
6.390107966310299981e-01 -5.188506403941299805e-01
1.173542536505899937e-02 -6.843962121453600611e-02
1.127424614778300027e+00 -1.115942416594299935e-01
-9.167023983809800214e+00 1.776064767768300001e+01
7.937338594928999846e-01 1.861772449344999969e-01
2.851385577129499893e+01 -6.095227934740899656e+01
1.167264479107799957e+00 -1.228779860728499984e-01
-9.296268715407300653e-02 -6.733385017835999409e-02
1.282600433620000091e+00 -1.008079505525300013e-01
1.260138391003400082e+00 -6.554108932934299414e-02
-1.059732353862499928e-03 -3.989455249880600324e-02
-8.174775973785700089e-02 3.685947068631999918e-02
-4.588366755269800146e-02 -1.705489788926400074e-01
9.445539539675099627e-01 -5.931743899349899846e-02
-2.189606735083299976e-02 1.581470929735200037e-03
-1.074791498755599956e-02 1.385528983659999915e-02
5.124938695487299967e+00 -1.674150954495700105e+01
-1.433589103579200108e+00 1.551743821964099990e+00
1.675569706781400114e+01 4.080737387716100173e+00
-5.086014238095699913e-02 -2.948148902482099903e-02
2.031188863053199789e+00 3.903310334103600177e+00
1.153357864176900005e+00 8.509123013296400820e-03
1.109801847087199977e+00 1.944111560176199974e-02
1.046978337556200067e+00 4.604315897204200141e-03
2.200628699092200061e-02 -3.598749505805799997e-01
-1.149107007860900032e-01 2.487887126844599839e-02
1.212007692207599963e+00 -2.452303479486599852e-02
-1.448128589073399974e-01 3.810431886613100186e-03
1.031284155796200031e+00 -2.955313360122800020e-02
1.518218117160500036e+00 -1.163132868449799906e+00
-7.069800715639699973e-02 -9.934612611588800046e-02
2.896730333464600093e+01 -1.112032113883799944e+01
1.182110955224499937e+00 -1.237120146297900070e-02
-5.284974630207100316e-02 3.122465639872500087e-02
3.086816918699000212e-01 -4.172600008192999810e-01
2.264675298830599870e-01 -1.441269774265900028e-01
6.195053784909099903e+01 5.239425363958199711e+01
1.234063777185699928e+00 -1.390482472623099930e-01
9.313633078282600453e-01 -1.527361169201399971e-01
-5.309200220202900056e+01 -5.409446016522100109e+00
-3.919293263323699961e+01 -2.335014216088000083e+01
5.661802279550199879e-01 6.523725058846000513e-01
7.197088121989599907e-01 -1.387485555253800129e-01
-7.153269488791799864e-03 4.981916293371400073e-01
-3.256967466729300043e+00 -1.799719911556300067e+00
-1.010940414191300007e+01 4.443774758678999959e+00
-2.458965352530400050e+00 -2.246041403625300137e-01
1.103623322195099954e+00 -9.331499956361399839e-02
1.157890814661799959e-02 -1.507548166623899899e-01
3.470814970152699797e+00 7.809470715039000532e-02
1.751687835816899907e+00 -6.607515091976700061e-01
3.925580108944000113e+00 2.244102867051700034e+00
7.854774439988600199e-02 7.213647310920500155e-01
-1.562655204175699986e+01 -8.581115625413099579e+00
2.242590125925199990e-02 5.987637957042400011e-02
9.985033038198000144e-01 -7.864354020104999399e-02
-4.064299835617200074e+01 -6.972356447891300490e+01
-1.738568433275400060e-01 -1.130794356238200016e-01
-2.740577689025699981e-02 7.424603404072299684e-02
-2.039346589491599845e-02 2.927706196806999922e-02
1.129787562956299896e+00 -2.289859645187000137e-01
7.985742918040199534e-01 -8.876449686153899954e-01
-3.676762834703199700e-02 -1.559021024091200060e-02
1.044899557550599933e+00 -5.448054446366300263e-02
-4.930194887173299789e-01 -1.411208198744700049e+00
1.248169514582099904e+00 1.017510210552700078e+00
1.734929018926200106e+00 1.851800800869499941e+00
2.969329553950300071e-01 1.893850774497199962e-01
9.956574971595100187e-01 -1.840350562142700069e-02
1.041058946172900068e+00 -8.082028822461000128e-03
-3.196467476367299831e-02 -7.148048171412299534e-02
-1.274982708549599886e-01 -8.659149074668699708e-02
3.267770234335600321e+01 5.994381413812300252e+01
1.863692330082399984e+00 -4.668313003733599587e+00
-1.579210567764700035e-01 -3.031193082809600092e-01
1.134131387527999912e+00 1.668123391045399917e-01
-1.229237632736299934e+00 -4.504573580183300230e+00
-3.410297108762399887e+00 -8.056685524352099392e+00
4.832420618408400093e-01 2.028428781707199979e-01
4.132009294363500063e-01 -2.019765728174999886e+00
8.392899775830600650e-02 -7.905609035413199703e-02
5.591531915410700160e-01 -1.545030812510599927e-01
-2.974243756155199869e-01 -5.677415122688499460e-01
1.007316494286099928e+00 -1.091532349607299973e-01
6.450110461083600200e-01 -3.256896915501900081e-01
1.031977964457799990e+00 -2.091407065008800067e-02
-7.410946008756999959e+01 4.601404870028199667e+01
1.236460660796399935e+00 -1.940705875543200065e+00
6.407015369651399839e-01 1.805222318631199974e-01
-6.254472355314699694e-02 -2.720439206159400158e-01
9.723568083103200088e-01 -3.552885974277600334e-02
1.002886093667799905e+00 -2.311313529459499971e-01
1.700182106406799898e+00 2.524508866453800127e-01
1.596450663344900001e+01 -1.524297192259700040e+01
-2.765060724270099968e+01 -4.398951720506700269e+01
1.734091559495299961e+01 1.955541035171000175e+01
-7.206200840065700441e-02 -6.184966888594699563e-01
-7.634457813663600434e-02 -4.244895081673900200e-02
3.464939450464999959e-01 2.427978042664900027e+00
1.043230554715099956e+00 -4.137398063189300090e-02
1.267784097709099944e+00 -1.024746849517299968e-01
9.234090615736100238e-01 -9.889174309130900620e-02
-1.459677818126300097e-01 -9.830937755934700262e-02
1.081603532855200056e+00 8.552578961290999843e-03
1.900290983717700111e-01 -8.739029471684399697e-01
7.493021610040200642e+01 -4.077379180704200223e+01
1.187444678605499987e-01 1.210840394209899973e-01
-1.513542470179999988e+01 5.303606551705900007e-02
1.861068299753400046e-01 -3.908838268015100148e-01
3.597993507869299834e-01 -1.097015192259799959e-01
1.248169791827199893e+00 -1.363051779398100072e-01
-3.051891261475600103e+01 1.331091204110300019e+01
1.011713875713099897e+00 2.047098461540300118e-01
-2.128658294481199920e-01 -6.730008095523500045e-02
-3.765200236291599833e-01 3.763786191583600171e-01
-2.812664665547600154e-02 2.540968809360499847e-02
-3.030115294708899884e-02 -4.396511191750900396e-03
1.068917356177299993e+00 -5.973232826330700240e-02
4.617428710004799902e-02 6.528386877648499620e-02
2.770636942344399856e+01 -3.098353952319000015e+01
1.289429487633899996e+01 -4.770256577795999675e+01
-1.101776011398099969e-01 -6.743089176095100334e-02
7.152225019963899533e-02 -1.479187473566900002e-01
7.214942482442799898e-01 3.000516189274999856e-01
1.746692503680800090e-01 -9.440101859346100577e-02
-5.760302926918500210e-01 -1.288622372776299940e+01
4.580043242562800015e-02 -6.084890249406599977e-02
1.054780590853100053e+00 -1.401629480593399868e-01
-1.382047702084999996e-01 5.831029243293300190e+00
8.901644181478099327e+00 -1.116517587923400079e+01
1.728765423043200026e-03 2.584599661508700172e-02
-6.611955206089099590e+01 1.701965669309799978e+01
-2.252605924649800084e-01 -3.987135732265900123e-01
9.230062089761299493e-01 9.522247426536399606e-02
1.121756881861599942e+00 -1.432425675998199865e-01
3.749697306668799968e+00 -3.605266718630800060e+00
7.871633328059499668e+00 -2.536933472604200102e+00
4.946331947932099959e-01 -9.544767113949800263e-01
8.548776533821500490e-01 9.428722737289599309e-02
-8.822247467093100384e-03 -2.085085018204399857e-02
3.818485645555799723e-01 2.756753318864599933e+01
1.157550737727499994e-02 2.052830697651999992e-01
1.057777934298399947e+00 -2.011680587309700070e-03
1.094206479021700096e+00 -7.532509390972100261e-02
1.188992964181700085e+00 -1.166396693516500022e-01
8.762704892243500243e-01 2.893940214945899814e-01
1.154573103014800095e+00 -1.048076097546799951e-01
-8.206842682571400260e+00 7.727824858457999824e+01
1.994492649113099869e-02 -4.056975686152500260e-02
-1.574268907267599993e-01 -9.977363148065700182e-02
7.116400302773999431e-02 8.759350115692300653e-02
6.321041037517199923e-01 -1.060577243532799946e-01
2.263792633052499892e-01 1.404697788902599942e-01
1.223835964293799927e+00 -5.476158497019999877e-02
-1.049013193496699942e-02 2.958893011706799792e-03
-1.478840270828300080e-02 -5.581975255939800040e-02
-1.871529535045700007e-02 1.055637757587600013e-02
9.758128898048199495e-01 -6.354621947409599958e-02
-2.027673401411399823e+01 1.870954968842499966e+01
3.785230037269999848e-01 -2.751186724125900263e-01
-6.053926097657000405e+00 6.289175493500399838e+00
-4.511548618123700227e-01 1.625299696964100038e+00
6.216769228769700106e+01 -1.456004028487600088e+01
9.004932166301800045e-01 -5.771309702720100326e-02
-8.969611206038200280e+00 -8.442639896491700213e+00
-1.664242497908099971e-01 -1.037440550399799932e-01
-1.644336965625499969e-01 -1.731724201016300035e-01
7.948907352779900348e-01 1.119674778966900064e+01
1.284419646521899994e+00 -1.614712111695099928e-01
1.296936903858100010e+00 -1.279466949723200020e-01
1.377707669193400042e+00 -1.150694818575300066e-01
1.175230424407299967e+00 -1.984750130753399899e-01
1.408372413309699978e+00 2.070247930589000085e-01
1.059197481506700012e+00 -5.278121979379400003e-02
1.266841457433300067e-01 -7.652256324648200325e-02
1.123954472280999983e+00 -8.767231726230499678e-02
1.272804538019699949e+00 -1.148372291847700039e-01
5.782700481443599827e+00 -7.522829087403900417e+01
-4.567570356238299933e-02 -4.942542557702499922e-02
8.407269838471800316e-01 8.755463436788599729e-01
3.488712496085700221e-01 1.378142379433799913e-01
1.038617572838300029e+00 -3.324764051551699906e-02
2.896825605935700043e-01 -1.126835577031199964e-01
1.035982833559899952e+00 5.541788609354800221e-02
1.049480578919200102e+00 -6.715989485541799808e-03
9.521018277047299527e-01 5.449403850380799691e-02
9.922490197552800151e-01 1.090587418558899985e-01
1.124558661469799992e+00 -4.883963955599399803e-03
-1.126168590222400012e-01 -1.555451980379899957e-01
1.253598681205499998e+00 2.856647408743199779e-01
6.355342272014500082e+00 3.179322778185100090e-02
-6.602327589688800069e-02 -2.931592180774600029e-02
9.903378379666799569e-01 -3.288011241546999752e-01
-8.988049982677200067e-02 -4.807960608038799877e-02
9.739726366590899520e-01 -1.371304623719599991e-01
1.156629234351600033e+00 -1.846708983909100057e-02
7.089568553553999841e-01 1.285642357068599861e-01
-1.520561734107999996e+00 -1.415461889356999903e+00
8.348411731396500057e-01 -7.463728046684900419e-02
5.613117740412999490e-01 1.500137577943400080e-01
1.698516215740600022e-01 1.136472170461999970e-01
8.389910146480500375e-01 -6.432504621352399532e-01
-2.532368788048499839e-02 8.321676266313700332e-03
-3.118329420397299850e-02 3.837366120340700119e-03
1.221923030429499901e+00 -1.278982739174299998e-01
-1.421784779966999979e-01 -8.670652365281200646e-02
-1.206417770076899931e-01 -1.232191138892400062e-01
4.181494343421500171e-01 -9.566353110905399804e-02
-5.814981507102000291e-02 -1.309797328671500061e-01
-1.215490886222400091e+00 -2.260291518987600057e+01
-1.227878787196499955e-01 -7.253017073080800237e-02
-6.133616348179899980e+00 2.720322073934299922e+00
-2.071296650308099979e-02 1.943970245186900023e-02
-7.201103438118400257e-01 7.153551735574199544e-01
1.016862242128599991e+00 -4.137147980422500003e-03
1.079776028975999891e+00 -6.745072252246099576e-02
1.188450411772699944e+00 -3.698191923200899733e-02
1.906528833078000029e-01 -2.197336880749400090e-01
3.786454487787800031e-03 -1.032192955015499986e-01
3.084133683207099935e-02 3.204428991856799747e-01
6.464956372854899769e-01 -7.370415083526700162e-01
-1.023522796618799996e-01 -5.509359732577800289e-02
1.357068070433099960e+00 -7.078657985455499846e-01
1.101922311229400098e+00 -9.028313527728299981e-01
-3.839424891075499807e-02 2.287508790970699951e-02
-5.584175866139199940e+01 6.410215220266699987e+01
-4.965563832072599659e+00 1.180175031917699968e+01
-6.449583662500399384e-02 2.004376483757799865e-02
-9.425036202326500523e-02 1.547784224464399984e-02
1.037130778312900015e+00 -1.635054405602300032e-02
1.140779531873499897e+00 -9.170769629415499724e-02
-3.240577754755900042e-01 -3.741242370800600270e+01
-8.156066922917599993e-03 -8.840894231206399695e-03
-2.601100643068299939e-02 -2.439722989796400121e-02
1.254869760817800106e+00 -9.896819376998600148e-02
1.246937470346000110e+00 -8.658817235546900637e-02
1.092984314469999996e+00 -2.982593851904300104e-03
4.569774704056300263e-01 -4.905287248639800257e-01
4.195012887236300170e-01 1.379595274759299883e-01
1.207621448404099906e+00 -1.171527758872999980e-01
-3.232129542810799894e+00 1.371914897150400048e+00
1.317608453477500108e+00 6.134961462322099934e-02
-1.781757865564999932e+01 -6.823508209570999838e+01
1.232189524114599921e+00 -7.583123786796899801e-02
1.068598687578000028e+00 -3.408166563912900116e-03
1.079904316256399932e+00 -5.316099368038999795e-03
-6.966027005906499880e+01 -6.309154716652000161e+01
1.033516442263199941e+00 -4.447332621480700188e-01
1.024018833610299994e+00 -4.861636271243099938e-02
-1.889902955395400097e+00 -2.913947010835999940e+00
-1.568381753996700034e+01 4.998113680647499990e+01
4.501099724160599891e-01 4.156510315156800028e-01
1.295190885387500046e+01 3.198088152780799831e+01
-7.882200423388599497e-02 1.661256883626400019e-02
7.038168576645900121e-01 -7.340624576278299840e-02
-1.211980077819500012e-01 -1.021162962467500046e-01
-2.451245038451199953e-01 -2.792850703752399744e-01
4.873497508831899916e-01 -1.114060312126100016e-01
1.161033034202900049e+00 -3.033653050092700032e-01
1.438588682780800099e+00 -4.858154863342299956e-01
1.021591578246600074e+00 -8.065084062005199728e-02
-1.734012840341999961e+01 -1.770980752740900144e+01
-2.603587939996700129e+01 -1.314897781544600086e+01
1.038664049820599899e+00 6.515780501361200239e-01
1.073895169580199926e+00 -2.700673017398699804e-01
1.106738675334800082e+00 -8.135197599682000499e-03
1.139326562464100023e+00 -1.545903771130299927e-02
9.548096322115899870e-01 -8.598711101491600395e-02
-9.193301356608900299e-02 1.234517355406300060e-01
-5.362400861678800340e-02 -7.687795875266099921e-02
8.595909652090200082e-01 -2.155219228689800037e-01
7.662168472701199606e-01 -8.139435482647400244e-02
-2.998986823259999923e+01 3.070804731031499912e+01
1.058427603582499987e+00 -1.097992818819400057e-01
3.145427351993200116e+00 -9.316838756947200650e+00
-1.551309090393599988e-01 -2.336209844194100105e-01
1.011433757994000038e+00 -6.015576593778500236e-02
1.169810533364699978e+00 -3.240321573918100023e-02
1.051948940722500003e+00 -4.509349270833400147e-02
7.691540466158699463e-01 -4.116974299367799905e-01
1.174069673587200047e+00 -1.057016181276199951e-01
8.764476004054400082e-01 -3.194495736000099728e-01
1.201106564055000048e+00 -5.196029127944899739e-02
-7.656150282483800140e+01 -8.849283046235299821e+00
4.211253310220799762e+01 -2.082143601514300002e+00
2.460179377534499889e-01 -3.046653039956599973e-01
1.338361601951699953e+00 -2.016116950922200099e-02
1.696139320132100115e-01 -1.516924799845499883e-01
-8.826212209476799742e-02 -8.702302925854800419e-02
-5.853700551777799715e-02 -1.899227309139099942e-02
9.311038501683500002e+00 6.481125492967800028e+01
-1.924073584615099974e-01 2.444771283569799891e-01
5.592785071101500360e-01 -2.410960542422500019e-01
-8.941643940516399880e+00 -1.774487047953000052e-01
-3.491783518163300215e+01 -1.153701251235399905e+00
2.296070478145600113e-01 -8.714518720070700553e-02
6.556872144855700399e-03 -2.667287864931100136e-02
9.149363675582200539e-02 2.097077455449599948e-01
-1.098910744522100039e-02 -7.972388066832200582e-02
-1.317543257729300067e-02 -4.814195074917099748e-01
7.474983761886899458e+01 2.950860462246999916e+01
1.312030613642400034e+00 5.961726376311899944e-01
1.036511015345600084e+00 -2.603259074648300170e-02
-1.748483029802999911e-01 -1.044710707704999963e-01
3.358910499919999793e-01 8.381736142453100058e-01
4.565964743058199815e+01 3.437069399131100056e+01
7.777444792919400163e-01 1.011490877007800021e-01
5.577983653647300422e-01 -8.651649792510900105e-02
1.258253466878900051e+00 -1.933821500628699896e-01
1.329231448202299881e-01 4.527543853638599791e-01
-8.927558446097499711e+00 9.881235102483399757e+00
1.110363669766800010e+00 -7.716894740152800691e-02
1.169941671890500068e+01 4.735213214008199833e-01
4.219918957146400196e-01 -1.472072014302600040e+00
1.055210066264300028e+00 -8.499538119043299755e-02
7.180624522167600166e-01 -2.212418716610499991e-01
-7.483490294640600393e-02 -7.460070408878299864e-02
-4.857180261370200314e-02 -1.159072198721300059e-02
-6.050057380635000259e-02 -4.244974701446799920e-02
1.601828650429499845e+01 1.056979323962399953e+01
1.036771277413000014e+00 -2.138073442013899844e-02
-5.896017417187300325e+00 -5.995807843959799932e+00
1.270574656348500087e+00 -1.468345241901999887e-01
-5.388401884834399802e-02 -2.124174654333799983e-01
-1.354335979022299963e+00 -3.319998394148199750e-01
-1.654194228927299948e+00 5.391676513718800523e-01
2.239548669195300157e+00 -1.615871748360899973e+00
1.243085613303700043e+00 -3.082073783288800106e-01
-1.235010809204900029e-01 1.295688107716999951e-03
1.040664094341499979e+00 -7.398735874189600603e-02
4.812657542523299942e-02 -2.735468820359500119e-01
-2.469789612973299908e-02 -1.310686288897799923e-01
-1.348881915864099945e-01 3.842409220984300267e-01
2.769332208760399983e-01 -6.188300515630199561e-01
-3.845012868316899802e-03 9.286765974110300012e-03
2.551063714864900134e-01 3.604362693161500264e-01
1.188639558719799982e+00 -1.665280163999199869e-01
2.890706760426700050e-01 1.247446466669299980e-01
-2.279906179520199971e-01 1.015198416566299944e+00
9.897818838427399513e+00 1.462661372286500061e+01
4.818748031525600339e+01 -3.955134135880800272e+01
1.240313368728400034e+00 -1.269628163400199905e-01
-2.547384971525799846e-02 -1.677013240297100083e+00
1.062730078113800047e+00 1.072801756620100043e-02
-1.085152400963900060e-01 8.320751970873400266e-03
4.578181030052200229e-01 2.956760427323800178e-01
-8.206839908978799669e-02 -1.515874928027000079e-01
1.761515333489300020e-02 1.413370466213700050e-01
-1.419269573932699924e-01 -4.898224446823499778e-01
6.025328148604599932e+01 -7.192548981272599917e+01
1.731513723994100085e+00 8.344835654602099639e-01
-1.021534127231000025e-02 2.438674179738899855e-02
1.085363033460599924e+00 6.834786879303199336e-02
9.665305967989800129e-01 -1.952609036004500087e-01
-3.694175233751100136e-03 1.711469867390899915e-02
1.031639571243800013e+00 -1.231462579321000034e-01
-3.755037754578500336e-02 -3.199381325061199932e-02
1.911419807311699870e+01 -3.754220967955899990e+00
-7.946769858053299995e-02 -5.830610583656300333e-02
5.031364997321499999e+01 7.698607020338400275e+01
1.007421931533599935e+00 2.337342966777099934e-02
1.217966439574500015e+00 -1.526926682039800032e-01
-8.115831215329500026e+01 -3.629443351288099961e+01
-1.587227804537700085e-02 -3.246171295781599686e-02
8.682301213915499360e+00 2.314557427732799866e+01
1.125474459486200063e+00 -1.809524949870200128e-01
-2.966666275305500020e-02 1.956514556976100133e-02
-1.345453285728200055e-01 -7.777870316576700194e-02
-1.559230069455999970e-02 -3.754113835641699828e-03
4.880469645205299800e-01 1.285400820498399932e-01
-3.129352703440999690e-05 6.223037375003599714e-02
6.320824161707200295e-01 4.390476431614400155e-01
1.268806972874799932e+00 -8.703925523357200489e-02
-3.951512995559199742e-02 -2.446415209858600077e-03
-5.077023368223999711e+01 3.704894830489499924e+01
1.048915556362099988e+00 2.565053891178099843e-02
3.247329029424599889e-01 -4.444668310807900369e+00
5.469953507875500165e-01 1.022833310176000099e+00
7.438089644802100553e-01 -1.673716512438800041e+00
1.228004539024200002e-02 4.147092301747099669e-02
-5.252081622695099761e-02 1.009716481519700032e-01
-3.024307655926899985e-02 -5.509478276277599701e-02
9.093049419595200522e-01 8.410479381372200081e+00
1.259885650657299960e+00 -1.370999851532999914e-01
2.201840428061100086e-01 2.329420346655800000e-01
-2.316090581272599991e+01 6.248405925708600428e+00
7.927295959789599777e-01 -1.633067397394800113e-01
1.034519269733100044e+00 -4.993452753191499754e-02
9.030325571933800477e-01 5.453438363976700204e-02
6.330343556978800246e-01 1.158635480486100017e-01
4.017012293368699716e+01 1.676412317383299921e+01
2.778511549426100125e+00 -6.853183171411900254e+00
1.033285373757899972e+00 2.281507573555700114e-04
1.092113970615399943e+00 -1.554751474261699962e-01
9.961986325946400322e-01 -6.192991325273700109e-02
-1.347046108792200048e-01 -9.646197873844999937e-02
1.146778818295300040e+00 -1.330187632001799958e-01
7.516345816696700410e+01 7.636641290302600282e+01
1.251835564360199937e+00 -1.279416004330999890e-01
5.149423934096800437e+00 5.193276606573899556e+00
6.241128073766299966e-02 -2.047889149395299979e-01
-1.450553151621800096e-01 -1.222341701306700057e-01
1.201434409948199944e-01 -1.792898588292899942e-01
1.006874777012100042e-01 -4.340497010709100101e-01
-3.236046199905700149e+01 7.345537074948799727e+01
1.011825253440699957e+00 -2.799813733251600018e-02
-5.745170927617000434e-01 -3.436739581787899844e+00
3.269590268400299898e-02 3.921931236064000181e+00
-1.510103475768900028e+00 4.425985969085799887e+00
-2.586486055297199993e+00 5.687050571007899791e+00
1.261771866274699949e+00 -1.099902188259500035e-01
-5.051443190488399959e-02 1.955549052071000118e-02
-1.487433130079600097e-01 -1.086579134344100028e-01
5.532919714562699598e-01 -4.161319522343300270e-01
-2.375079897417199959e+01 -2.624805883467299950e+01
-1.121747707336199973e+01 -4.624846043037599941e+00
7.497470522782599678e-02 -7.013563283895399847e-01
3.509389968388599845e-01 -1.817989865982299891e-01
4.870338791780100429e+00 9.659969998227499133e+00
1.223142986038600055e+00 -2.122039424679300068e-01
1.174628579030799980e+00 -1.436943939483099897e-01
-4.682142937101099989e+01 -4.721135673226199714e+01
7.168356535147499820e-01 2.097255797814299993e-01
4.215028812694799898e-01 -3.832902683348800021e-01
-1.518542078249600080e-01 -9.137460721330499525e-02
-1.337232959747599992e+01 -3.800566226153600269e+01
1.065676692895300093e+00 -7.404998572929200051e-02
7.785539469683699920e-02 -1.135122459878200041e-01
-8.160105819588299880e+01 8.000000000008100187e+01
-9.814339214869499672e-02 -1.040955661701099960e-01
9.431956259333700299e-01 -3.206463866151199743e-02
3.924989132656799828e-01 2.075148175586800092e-01
7.667642044820699709e+01 6.791296038771299948e+00
-1.923188084123400032e-01 -1.191582207344600020e-01
9.526516186784700357e-01 -1.134545538593900033e-01
-5.311773449899700322e-02 5.097808806765900119e-02
4.839501520280899971e-01 -2.124757812600600038e-01
-1.136774099656600034e-01 1.843246750127399969e-01
-5.623447503801799918e+00 -2.416661723091900082e+00
2.207431191095399825e+01 4.344939014307600189e+01
1.295994188774899913e-01 -3.171884845092700078e-01
1.013356024351899975e+00 -4.383174743117399658e-02
2.997992993775449797e-02 -3.452545789635050322e-02
9.442597068634249816e-03 -4.023215468016549945e-02
-7.924067531072749929e-03 -4.785715252910199835e-02
-4.420525996337100472e-02 -3.073765113771649918e-02
1.519641595398000047e-02 3.288920613265500226e-02
-5.964940388434900043e-02 1.478351671145524890e-02
-5.298374040053400319e-02 4.110137223319200450e-02
-3.299389227682700265e-02 -3.653426238147500227e-02
