1.266576946759163e+00 -1.256545654351749e-01

1.264958372889619e+00 -1.249929100525657e-01

1.260295775050794e+00 -1.230862755053529e-01

1.251783495421792e+00 -1.196057736833366e-01

1.238781705124643e+00 -1.143007256855651e-01

1.224056151563628e+00 -1.083241791833910e-01

1.208225187367147e+00 -1.019493837680705e-01

1.191742068430442e+00 -9.536904110682506e-02

1.174973210065210e+00 -8.871964608353153e-02

1.158233917346130e+00 -8.209329675360628e-02

1.141806331989263e+00 -7.554695374074839e-02

1.125947963817636e+00 -6.911274071934713e-02

1.110824665174014e+00 -6.296011468825950e-02

1.096618372189265e+00 -5.717736944068601e-02

1.083554850456424e+00 -5.172106149154365e-02

1.071844073820345e+00 -4.655043722830864e-02

1.063579881626936e+00 -4.259825117387393e-02

1.058086417583288e+00 -3.973469264706017e-02

1.053237213259416e+00 -3.695499681936380e-02

1.050379249464306e+00 -3.514831697176224e-02

1.047832476345215e+00 -3.337918345120897e-02

1.045606227852997e+00 -3.164825525225959e-02

1.043709541684034e+00 -2.995643835762629e-02

1.042151189193145e+00 -2.830484004426406e-02

1.040939705800384e+00 -2.669472080563108e-02

1.040083420949078e+00 -2.512744603596447e-02

1.039590486616710e+00 -2.360443972769589e-02

1.039468903341431e+00 -2.212714250411752e-02

1.039726542706454e+00 -2.069697634267635e-02

1.040366035678439e+00 -1.932557923863655e-02

1.041358555522855e+00 -1.807477032369811e-02

1.042691577888710e+00 -1.695412803375820e-02

1.044356321029276e+00 -1.596418224333424e-02

1.046343291051418e+00 -1.510669483922527e-02

1.048642341516043e+00 -1.438451896572838e-02

1.051242735984050e+00 -1.380145104769820e-02

1.055683584229433e+00 -1.319788809589185e-02

1.062550624181995e+00 -1.292771697477845e-02

1.072513995882213e+00 -1.351693403494204e-02

1.083821050496395e+00 -1.522538135072674e-02

1.096265009348778e+00 -1.813959545365606e-02

1.109638386871864e+00 -2.232594559296691e-02

1.123735245519743e+00 -2.782212656048774e-02

1.138351806802482e+00 -3.463113121463557e-02

1.153320817179983e+00 -4.264135233504832e-02

1.168541248294614e+00 -5.155451582677706e-02

1.183818876828698e+00 -6.121586744465685e-02

1.198935308801555e+00 -7.144914631019418e-02

1.213644109432638e+00 -8.203882752289340e-02

1.227657715223371e+00 -9.271539985986955e-02

1.240624843014716e+00 -1.031264441477933e-01

1.252082252835941e+00 -1.127783417297742e-01

1.259700564140056e+00 -1.194485243260704e-01

1.264107264964352e+00 -1.234046704510342e-01

1.266096462883881e+00 -1.252149636973750e-01
