1.266576946759163e+00 -1.256545654351749e-01
1.260295775050794e+00 -1.230862755053529e-01
1.249360266035005e+00 -1.186156612619175e-01
1.235951297781820e+00 -1.131488942430532e-01
1.220962201910045e+00 -1.070739744966599e-01
1.204968061459585e+00 -1.006446724437781e-01
1.188400479767964e+00 -9.404116007911416e-02
1.171613556360786e+00 -8.739026165513041e-02
1.154914897448335e+00 -8.077631951791278e-02
1.138581287601827e+00 -7.425037552046010e-02
1.122861275190920e+00 -6.785068345800167e-02
1.107902605040116e+00 -6.177533363898816e-02
1.093907291639562e+00 -5.606138818583208e-02
1.081098047153322e+00 -5.066525084491623e-02
1.069681554014265e+00 -4.554762940917599e-02
1.059847726668363e+00 -4.067983602108155e-02
1.051769928265241e+00 -3.604699397616667e-02
1.045606227852997e+00 -3.164825525225959e-02
1.041501563785389e+00 -2.749451210402770e-02
1.039590486616710e+00 -2.360443972769589e-02
1.040000000000000e+00 -2.000000000000000e-02
1.042691577888710e+00 -1.695412803375820e-02
1.047454464175926e+00 -1.472847601941907e-02
1.054133212392730e+00 -1.336207789572366e-02
1.062550624181995e+00 -1.292771697477845e-02
1.072513995882213e+00 -1.351693403494204e-02
1.083821050496395e+00 -1.522538135072674e-02
1.096265009348778e+00 -1.813959545365606e-02
1.109638386871864e+00 -2.232594559296691e-02
1.123735245519743e+00 -2.782212656048774e-02
1.138351806802482e+00 -3.463113121463557e-02
1.153320817179983e+00 -4.264135233504832e-02
1.168541248294614e+00 -5.155451582677706e-02
1.183818876828698e+00 -6.121586744465685e-02
1.198935308801555e+00 -7.144914631019418e-02
1.213644109432638e+00 -8.203882752289340e-02
1.227657715223371e+00 -9.271539985986955e-02
1.240624843014716e+00 -1.031264441477933e-01
1.252082252835941e+00 -1.127783417297742e-01
1.261318681990792e+00 -1.208926444934894e-01
