59 1 0
202 1 1
318 1 2
281 1 3
727 1 4
625 1 5
214 1 6
756 1 7
609 1 8
551 1 9
62 1 10
359 1 11
674 1 12
220 1 13
496 1 14
56 1 15
60 1 16
111 1 17
520 1 18
495 1 19
721 1 20
113 1 21
21 1 22
411 1 23
523 1 24
99 1 25
602 1 26
307 1 27
736 1 28
386 1 29
720 1 30
858 1 31
459 1 32
905 1 33
393 1 34
693 1 35
130 1 36
798 1 37
377 1 38
102 1 39
340 1 40
345 1 41
722 1 42
724 1 43
697 1 44
413 1 45
10 1 46
486 1 47
587 1 48
140 1 49
503 1 50
836 1 51
521 1 52
851 1 53
233 1 54
314 1 55
515 1 56
1242 1 57
1243 1 58
1246 1 59
1247 1 60
1248 1 61
1250 1 62
1252 1 63
1253 1 64
1254 1 65
1255 1 66
1256 1 67
1258 1 68
1259 1 69
1261 1 70
1262 1 71
675 1 72
949 1 73
392 1 74
857 1 75
633 1 76
832 1 77
497 1 78
775 1 79
38 1 80
465 1 81
688 1 82
452 1 83
700 1 84
203 1 85
654 1 86
231 1 87
677 1 88
352 1 89
711 1 90
158 1 91
605 1 92
146 1 93
272 1 94
570 1 95
87 1 96
123 1 97
526 1 98
703 1 99
172 1 100
27 1 101
610 1 102
217 1 103
777 1 104
856 1 105
588 1 106
870 1 107
230 1 108
776 1 109
278 1 110
809 1 111
384 1 112
823 1 113
88 1 114
845 1 115
811 1 116
691 1 117
555 1 118
107 1 119
2 1 120
223 1 120
532 1 120
336 1 120
66 1 120
24 1 121
234 1 121
556 1 121
530 1 121
789 1 121
707 1 122
600 1 122
243 1 122
434 1 122
829 1 122
816 1 123
351 1 123
501 1 123
774 1 123
28 1 123
