1 1 2 3
1 2 2 3
1 3 2 3
3 1 4 3
3 2 4 3
3 3 4 3
5 1 6 3
5 2 6 3
5 3 6 3
7 1 8 3
7 2 8 3
7 3 8 3
9 1 10 3
9 2 10 3
9 3 10 3
11 1 12 3
11 2 12 3
11 3 12 3
13 1 14 3
13 2 14 3
13 3 14 3
15 1 16 3
15 2 16 3
15 3 16 3
17 1 18 3
17 2 18 3
17 3 18 3
19 1 20 3
19 2 20 3
19 3 20 3
21 1 22 3
21 2 22 3
21 3 22 3
23 1 24 3
23 2 24 3
23 3 24 3
25 1 26 3
25 2 26 3
25 3 26 3
27 1 28 3
27 2 28 3
27 3 28 3
29 1 30 3
29 2 30 3
29 3 30 3
31 1 32 3
31 2 32 3
31 3 32 3
33 1 34 3
33 2 34 3
33 3 34 3
35 1 36 3
35 2 36 3
35 3 36 3
37 1 38 3
37 2 38 3
37 3 38 3
39 1 40 3
39 2 40 3
39 3 40 3
41 1 42 3
41 2 42 3
41 3 42 3
43 1 44 3
43 2 44 3
43 3 44 3
45 1 46 3
45 2 46 3
45 3 46 3
47 1 48 3
47 2 48 3
47 3 48 3
49 1 50 3
49 2 50 3
49 3 50 3
51 1 52 3
51 2 52 3
51 3 52 3
53 1 54 3
53 2 54 3
53 3 54 3
55 1 56 3
55 2 56 3
55 3 56 3
57 1 58 3
57 2 58 3
57 3 58 3
59 1 60 3
59 2 60 3
59 3 60 3
61 1 62 3
61 2 62 3
61 3 62 3
63 1 64 3
63 2 64 3
63 3 64 3
65 1 66 3
65 2 66 3
65 3 66 3
67 1 68 3
67 2 68 3
67 3 68 3
69 1 70 3
69 2 70 3
69 3 70 3
71 1 72 3
71 2 72 3
71 3 72 3
73 1 74 3
73 2 74 3
73 3 74 3
75 1 76 3
75 2 76 3
75 3 76 3
77 1 78 3
77 2 78 3
77 3 78 3
79 1 80 3
79 2 80 3
79 3 80 3
81 1 82 3
81 2 82 3
81 3 82 3
83 1 84 3
83 2 84 3
83 3 84 3
85 1 86 3
85 2 86 3
85 3 86 3
87 1 88 3
87 2 88 3
87 3 88 3
89 1 90 3
89 2 90 3
89 3 90 3
91 1 92 3
91 2 92 3
91 3 92 3
93 1 94 3
93 2 94 3
93 3 94 3
95 1 96 3
95 2 96 3
95 3 96 3
97 1 98 3
97 2 98 3
97 3 98 3
99 1 100 3
99 2 100 3
99 3 100 3
101 1 102 3
101 2 102 3
101 3 102 3
103 1 104 3
103 2 104 3
103 3 104 3
105 1 106 3
105 2 106 3
105 3 106 3
107 1 108 3
107 2 108 3
107 3 108 3
109 1 110 3
109 2 110 3
109 3 110 3
111 1 112 3
111 2 112 3
111 3 112 3
113 1 114 3
113 2 114 3
113 3 114 3
115 1 116 3
115 2 116 3
115 3 116 3
117 1 118 3
117 2 118 3
117 3 118 3
119 1 120 3
119 2 120 3
119 3 120 3
121 1 122 3
121 2 122 3
121 3 122 3
123 1 124 3
123 2 124 3
123 3 124 3
125 1 126 3
125 2 126 3
125 3 126 3
127 1 128 3
127 2 128 3
127 3 128 3
129 1 130 3
129 2 130 3
129 3 130 3
131 1 132 3
131 2 132 3
131 3 132 3
133 1 134 3
133 2 134 3
133 3 134 3
135 1 136 3
135 2 136 3
135 3 136 3
137 1 138 3
137 2 138 3
137 3 138 3
139 1 140 3
139 2 140 3
139 3 140 3
141 1 142 3
141 2 142 3
141 3 142 3
143 1 144 3
143 2 144 3
143 3 144 3
145 1 146 3
145 2 146 3
145 3 146 3
147 1 148 3
147 2 148 3
147 3 148 3
149 1 150 3
149 2 150 3
149 3 150 3
151 1 152 3
151 2 152 3
151 3 152 3
153 1 154 3
153 2 154 3
153 3 154 3
155 1 156 3
155 2 156 3
155 3 156 3
157 1 158 3
157 2 158 3
157 3 158 3
159 1 160 3
159 2 160 3
159 3 160 3
161 1 162 3
161 2 162 3
161 3 162 3
163 1 164 3
163 2 164 3
163 3 164 3
165 1 166 3
165 2 166 3
165 3 166 3
167 1 168 3
167 2 168 3
167 3 168 3
169 1 170 3
169 2 170 3
169 3 170 3
171 1 172 3
171 2 172 3
171 3 172 3
173 1 174 3
173 2 174 3
173 3 174 3
175 1 176 3
175 2 176 3
175 3 176 3
177 1 178 3
177 2 178 3
177 3 178 3
179 1 180 3
179 2 180 3
179 3 180 3
181 1 182 3
181 2 182 3
181 3 182 3
183 1 184 3
183 2 184 3
183 3 184 3
185 1 186 3
185 2 186 3
185 3 186 3
187 1 188 3
187 2 188 3
187 3 188 3
189 1 190 3
189 2 190 3
189 3 190 3
191 1 192 3
191 2 192 3
191 3 192 3
193 1 194 3
193 2 194 3
193 3 194 3
195 1 196 3
195 2 196 3
195 3 196 3
197 1 198 3
197 2 198 3
197 3 198 3
199 1 200 3
199 2 200 3
199 3 200 3
201 1 202 3
201 2 202 3
201 3 202 3
203 1 204 3
203 2 204 3
203 3 204 3
205 1 206 3
205 2 206 3
205 3 206 3
207 1 208 3
207 2 208 3
207 3 208 3
209 1 210 3
209 2 210 3
209 3 210 3
211 1 212 3
211 2 212 3
211 3 212 3
213 1 214 3
213 2 214 3
213 3 214 3
215 1 216 3
215 2 216 3
215 3 216 3
217 1 218 3
217 2 218 3
217 3 218 3
219 1 220 3
219 2 220 3
219 3 220 3
221 1 222 3
221 2 222 3
221 3 222 3
223 1 224 3
223 2 224 3
223 3 224 3
225 1 226 3
225 2 226 3
225 3 226 3
227 1 228 3
227 2 228 3
227 3 228 3
229 1 230 3
229 2 230 3
229 3 230 3
231 1 232 3
231 2 232 3
231 3 232 3
233 1 234 3
233 2 234 3
233 3 234 3
235 1 236 3
235 2 236 3
235 3 236 3
237 1 238 3
237 2 238 3
237 3 238 3
239 1 240 3
239 2 240 3
239 3 240 3
241 1 242 3
241 2 242 3
241 3 242 3
243 1 244 3
243 2 244 3
243 3 244 3
245 1 246 3
245 2 246 3
245 3 246 3
247 1 248 3
247 2 248 3
247 3 248 3
249 1 250 3
249 2 250 3
249 3 250 3
251 1 252 3
251 2 252 3
251 3 252 3
253 1 254 3
253 2 254 3
253 3 254 3
255 1 256 3
255 2 256 3
255 3 256 3
257 1 258 3
257 2 258 3
257 3 258 3
259 1 260 3
259 2 260 3
259 3 260 3
261 1 262 3
261 2 262 3
261 3 262 3
263 1 264 3
263 2 264 3
263 3 264 3
265 1 266 3
265 2 266 3
265 3 266 3
267 1 268 3
267 2 268 3
267 3 268 3
269 1 270 3
269 2 270 3
269 3 270 3
271 1 272 3
271 2 272 3
271 3 272 3
273 1 274 3
273 2 274 3
273 3 274 3
275 1 276 3
275 2 276 3
275 3 276 3
277 1 278 3
277 2 278 3
277 3 278 3
279 1 280 3
279 2 280 3
279 3 280 3
281 1 282 3
281 2 282 3
281 3 282 3
283 1 284 3
283 2 284 3
283 3 284 3
285 1 286 3
285 2 286 3
285 3 286 3
287 1 288 3
287 2 288 3
287 3 288 3
289 1 290 3
289 2 290 3
289 3 290 3
291 1 292 3
291 2 292 3
291 3 292 3
293 1 294 3
293 2 294 3
293 3 294 3
295 1 296 3
295 2 296 3
295 3 296 3
297 1 298 3
297 2 298 3
297 3 298 3
299 1 300 3
299 2 300 3
299 3 300 3
301 1 302 3
301 2 302 3
301 3 302 3
303 1 304 3
303 2 304 3
303 3 304 3
305 1 306 3
305 2 306 3
305 3 306 3
307 1 308 3
307 2 308 3
307 3 308 3
309 1 310 3
309 2 310 3
309 3 310 3
311 1 312 3
311 2 312 3
311 3 312 3
313 1 314 3
313 2 314 3
313 3 314 3
315 1 316 3
315 2 316 3
315 3 316 3
317 1 318 3
317 2 318 3
317 3 318 3
319 1 320 3
319 2 320 3
319 3 320 3
321 1 322 3
321 2 322 3
321 3 322 3
323 1 324 3
323 2 324 3
323 3 324 3
325 1 326 3
325 2 326 3
325 3 326 3
327 1 328 3
327 2 328 3
327 3 328 3
329 1 330 3
329 2 330 3
329 3 330 3
331 1 332 3
331 2 332 3
331 3 332 3
333 1 334 3
333 2 334 3
333 3 334 3
335 1 336 3
335 2 336 3
335 3 336 3
337 1 338 3
337 2 338 3
337 3 338 3
339 1 340 3
339 2 340 3
339 3 340 3
341 1 342 3
341 2 342 3
341 3 342 3
343 1 344 3
343 2 344 3
343 3 344 3
345 1 346 3
345 2 346 3
345 3 346 3
347 1 348 3
347 2 348 3
347 3 348 3
349 1 350 3
349 2 350 3
349 3 350 3
351 1 352 3
351 2 352 3
351 3 352 3
353 1 354 3
353 2 354 3
353 3 354 3
355 1 356 3
355 2 356 3
355 3 356 3
357 1 358 3
357 2 358 3
357 3 358 3
359 1 360 3
359 2 360 3
359 3 360 3
361 1 362 3
361 2 362 3
361 3 362 3
363 1 364 3
363 2 364 3
363 3 364 3
365 1 366 3
365 2 366 3
365 3 366 3
367 1 368 3
367 2 368 3
367 3 368 3
369 1 370 3
369 2 370 3
369 3 370 3
371 1 372 3
371 2 372 3
371 3 372 3
373 1 374 3
373 2 374 3
373 3 374 3
375 1 376 3
375 2 376 3
375 3 376 3
377 1 378 3
377 2 378 3
377 3 378 3
379 1 380 3
379 2 380 3
379 3 380 3
381 1 382 3
381 2 382 3
381 3 382 3
383 1 384 3
383 2 384 3
383 3 384 3
385 1 386 3
385 2 386 3
385 3 386 3
387 1 388 3
387 2 388 3
387 3 388 3
389 1 390 3
389 2 390 3
389 3 390 3
391 1 392 3
391 2 392 3
391 3 392 3
393 1 394 3
393 2 394 3
393 3 394 3
395 1 396 3
395 2 396 3
395 3 396 3
397 1 398 3
397 2 398 3
397 3 398 3
399 1 400 3
399 2 400 3
399 3 400 3
401 1 402 3
401 2 402 3
401 3 402 3
403 1 404 3
403 2 404 3
403 3 404 3
405 1 406 3
405 2 406 3
405 3 406 3
407 1 408 3
407 2 408 3
407 3 408 3
409 1 410 3
409 2 410 3
409 3 410 3
411 1 412 3
411 2 412 3
411 3 412 3
413 1 414 3
413 2 414 3
413 3 414 3
415 1 416 3
415 2 416 3
415 3 416 3
417 1 418 3
417 2 418 3
417 3 418 3
419 1 420 3
419 2 420 3
419 3 420 3
421 1 422 3
421 2 422 3
421 3 422 3
423 1 424 3
423 2 424 3
423 3 424 3
425 1 426 3
425 2 426 3
425 3 426 3
427 1 428 3
427 2 428 3
427 3 428 3
429 1 430 3
429 2 430 3
429 3 430 3
431 1 432 3
431 2 432 3
431 3 432 3
433 1 434 3
433 2 434 3
433 3 434 3
435 1 436 3
435 2 436 3
435 3 436 3
437 1 438 3
437 2 438 3
437 3 438 3
439 1 440 3
439 2 440 3
439 3 440 3
441 1 442 3
441 2 442 3
441 3 442 3
443 1 444 3
443 2 444 3
443 3 444 3
445 1 446 3
445 2 446 3
445 3 446 3
447 1 448 3
447 2 448 3
447 3 448 3
449 1 450 3
449 2 450 3
449 3 450 3
451 1 452 3
451 2 452 3
451 3 452 3
453 1 454 3
453 2 454 3
453 3 454 3
455 1 456 3
455 2 456 3
455 3 456 3
457 1 458 3
457 2 458 3
457 3 458 3
459 1 460 3
459 2 460 3
459 3 460 3
461 1 462 3
461 2 462 3
461 3 462 3
463 1 464 3
463 2 464 3
463 3 464 3
465 1 466 3
465 2 466 3
465 3 466 3
467 1 468 3
467 2 468 3
467 3 468 3
469 1 470 3
469 2 470 3
469 3 470 3
471 1 472 3
471 2 472 3
471 3 472 3
473 1 474 3
473 2 474 3
473 3 474 3
475 1 476 3
475 2 476 3
475 3 476 3
477 1 478 3
477 2 478 3
477 3 478 3
479 1 480 3
479 2 480 3
479 3 480 3
481 1 482 3
481 2 482 3
481 3 482 3
483 1 484 3
483 2 484 3
483 3 484 3
485 1 486 3
485 2 486 3
485 3 486 3
487 1 488 3
487 2 488 3
487 3 488 3
489 1 490 3
489 2 490 3
489 3 490 3
491 1 492 3
491 2 492 3
491 3 492 3
493 1 494 3
493 2 494 3
493 3 494 3
495 1 496 3
495 2 496 3
495 3 496 3
497 1 498 3
497 2 498 3
497 3 498 3
499 1 500 3
499 2 500 3
499 3 500 3
501 1 502 3
501 2 502 3
501 3 502 3
503 1 504 3
503 2 504 3
503 3 504 3
505 1 506 3
505 2 506 3
505 3 506 3
507 1 508 3
507 2 508 3
507 3 508 3
509 1 510 3
509 2 510 3
509 3 510 3
511 1 512 3
511 2 512 3
511 3 512 3
513 1 514 3
513 2 514 3
513 3 514 3
515 1 516 3
515 2 516 3
515 3 516 3
517 1 518 3
517 2 518 3
517 3 518 3
519 1 520 3
519 2 520 3
519 3 520 3
521 1 522 3
521 2 522 3
521 3 522 3
523 1 524 3
523 2 524 3
523 3 524 3
525 1 526 3
525 2 526 3
525 3 526 3
527 1 528 3
527 2 528 3
527 3 528 3
529 1 530 3
529 2 530 3
529 3 530 3
531 1 532 3
531 2 532 3
531 3 532 3
533 1 534 3
533 2 534 3
533 3 534 3
535 1 536 3
535 2 536 3
535 3 536 3
537 1 538 3
537 2 538 3
537 3 538 3
539 1 540 3
539 2 540 3
539 3 540 3
541 1 542 3
541 2 542 3
541 3 542 3
543 1 544 3
543 2 544 3
543 3 544 3
545 1 546 3
545 2 546 3
545 3 546 3
547 1 548 3
547 2 548 3
547 3 548 3
549 1 550 3
549 2 550 3
549 3 550 3
551 1 552 3
551 2 552 3
551 3 552 3
553 1 554 3
553 2 554 3
553 3 554 3
555 1 556 3
555 2 556 3
555 3 556 3
557 1 558 3
557 2 558 3
557 3 558 3
559 1 560 3
559 2 560 3
559 3 560 3
561 1 562 3
561 2 562 3
561 3 562 3
563 1 564 3
563 2 564 3
563 3 564 3
565 1 566 3
565 2 566 3
565 3 566 3
567 1 568 3
567 2 568 3
567 3 568 3
569 1 570 3
569 2 570 3
569 3 570 3
571 1 572 3
571 2 572 3
571 3 572 3
573 1 574 3
573 2 574 3
573 3 574 3
575 1 576 3
575 2 576 3
575 3 576 3
577 1 578 3
577 2 578 3
577 3 578 3
579 1 580 3
579 2 580 3
579 3 580 3
581 1 582 3
581 2 582 3
581 3 582 3
583 1 584 3
583 2 584 3
583 3 584 3
585 1 586 3
585 2 586 3
585 3 586 3
587 1 588 3
587 2 588 3
587 3 588 3
589 1 590 3
589 2 590 3
589 3 590 3
591 1 592 3
591 2 592 3
591 3 592 3
593 1 594 3
593 2 594 3
593 3 594 3
595 1 596 3
595 2 596 3
595 3 596 3
597 1 598 3
597 2 598 3
597 3 598 3
599 1 600 3
599 2 600 3
599 3 600 3
601 1 602 3
601 2 602 3
601 3 602 3
603 1 604 3
603 2 604 3
603 3 604 3
605 1 606 3
605 2 606 3
605 3 606 3
607 1 608 3
607 2 608 3
607 3 608 3
609 1 610 3
609 2 610 3
609 3 610 3
611 1 612 3
611 2 612 3
611 3 612 3
613 1 614 3
613 2 614 3
613 3 614 3
615 1 616 3
615 2 616 3
615 3 616 3
617 1 618 3
617 2 618 3
617 3 618 3
619 1 620 3
619 2 620 3
619 3 620 3
621 1 622 3
621 2 622 3
621 3 622 3
623 1 624 3
623 2 624 3
623 3 624 3
625 1 626 3
625 2 626 3
625 3 626 3
627 1 628 3
627 2 628 3
627 3 628 3
629 1 630 3
629 2 630 3
629 3 630 3
631 1 632 3
631 2 632 3
631 3 632 3
633 1 634 3
633 2 634 3
633 3 634 3
635 1 636 3
635 2 636 3
635 3 636 3
637 1 638 3
637 2 638 3
637 3 638 3
639 1 640 3
639 2 640 3
639 3 640 3
641 1 642 3
641 2 642 3
641 3 642 3
643 1 644 3
643 2 644 3
643 3 644 3
645 1 646 3
645 2 646 3
645 3 646 3
647 1 648 3
647 2 648 3
647 3 648 3
649 1 650 3
649 2 650 3
649 3 650 3
651 1 652 3
651 2 652 3
651 3 652 3
653 1 654 3
653 2 654 3
653 3 654 3
655 1 656 3
655 2 656 3
655 3 656 3
657 1 658 3
657 2 658 3
657 3 658 3
659 1 660 3
659 2 660 3
659 3 660 3
661 1 662 3
661 2 662 3
661 3 662 3
663 1 664 3
663 2 664 3
663 3 664 3
665 1 666 3
665 2 666 3
665 3 666 3
667 1 668 3
667 2 668 3
667 3 668 3
669 1 670 3
669 2 670 3
669 3 670 3
671 1 672 3
671 2 672 3
671 3 672 3
673 1 674 3
673 2 674 3
673 3 674 3
675 1 676 3
675 2 676 3
675 3 676 3
677 1 678 3
677 2 678 3
677 3 678 3
679 1 680 3
679 2 680 3
679 3 680 3
681 1 682 3
681 2 682 3
681 3 682 3
683 1 684 3
683 2 684 3
683 3 684 3
685 1 686 3
685 2 686 3
685 3 686 3
687 1 688 3
687 2 688 3
687 3 688 3
689 1 690 3
689 2 690 3
689 3 690 3
691 1 692 3
691 2 692 3
691 3 692 3
693 1 694 3
693 2 694 3
693 3 694 3
695 1 696 3
695 2 696 3
695 3 696 3
697 1 698 3
697 2 698 3
697 3 698 3
699 1 700 3
699 2 700 3
699 3 700 3
701 1 702 3
701 2 702 3
701 3 702 3
703 1 704 3
703 2 704 3
703 3 704 3
705 1 706 3
705 2 706 3
705 3 706 3
707 1 708 3
707 2 708 3
707 3 708 3
709 1 710 3
709 2 710 3
709 3 710 3
711 1 712 3
711 2 712 3
711 3 712 3
713 1 714 3
713 2 714 3
713 3 714 3
715 1 716 3
715 2 716 3
715 3 716 3
717 1 718 3
717 2 718 3
717 3 718 3
719 1 720 3
719 2 720 3
719 3 720 3
721 1 722 3
721 2 722 3
721 3 722 3
723 1 724 3
723 2 724 3
723 3 724 3
725 1 726 3
725 2 726 3
725 3 726 3
727 1 728 3
727 2 728 3
727 3 728 3
729 1 730 3
729 2 730 3
729 3 730 3
731 1 732 3
731 2 732 3
731 3 732 3
733 1 734 3
733 2 734 3
733 3 734 3
735 1 736 3
735 2 736 3
735 3 736 3
737 1 738 3
737 2 738 3
737 3 738 3
739 1 740 3
739 2 740 3
739 3 740 3
741 1 742 3
741 2 742 3
741 3 742 3
743 1 744 3
743 2 744 3
743 3 744 3
745 1 746 3
745 2 746 3
745 3 746 3
747 1 748 3
747 2 748 3
747 3 748 3
749 1 750 3
749 2 750 3
749 3 750 3
751 1 752 3
751 2 752 3
751 3 752 3
753 1 754 3
753 2 754 3
753 3 754 3
755 1 756 3
755 2 756 3
755 3 756 3
757 1 758 3
757 2 758 3
757 3 758 3
759 1 760 3
759 2 760 3
759 3 760 3
761 1 762 3
761 2 762 3
761 3 762 3
763 1 764 3
763 2 764 3
763 3 764 3
765 1 766 3
765 2 766 3
765 3 766 3
767 1 768 3
767 2 768 3
767 3 768 3
769 1 770 3
769 2 770 3
769 3 770 3
771 1 772 3
771 2 772 3
771 3 772 3
773 1 774 3
773 2 774 3
773 3 774 3
775 1 776 3
775 2 776 3
775 3 776 3
777 1 778 3
777 2 778 3
777 3 778 3
779 1 780 3
779 2 780 3
779 3 780 3
781 1 782 3
781 2 782 3
781 3 782 3
783 1 784 3
783 2 784 3
783 3 784 3
785 1 786 3
785 2 786 3
785 3 786 3
787 1 788 3
787 2 788 3
787 3 788 3
789 1 790 3
789 2 790 3
789 3 790 3
791 1 792 3
791 2 792 3
791 3 792 3
793 1 794 3
793 2 794 3
793 3 794 3
795 1 796 3
795 2 796 3
795 3 796 3
797 1 798 3
797 2 798 3
797 3 798 3
799 1 800 3
799 2 800 3
799 3 800 3
801 1 802 3
801 2 802 3
801 3 802 3
803 1 804 3
803 2 804 3
803 3 804 3
805 1 806 3
805 2 806 3
805 3 806 3
807 1 808 3
807 2 808 3
807 3 808 3
809 1 810 3
809 2 810 3
809 3 810 3
811 1 812 3
811 2 812 3
811 3 812 3
813 1 814 3
813 2 814 3
813 3 814 3
815 1 816 3
815 2 816 3
815 3 816 3
817 1 818 3
817 2 818 3
817 3 818 3
819 1 820 3
819 2 820 3
819 3 820 3
821 1 822 3
821 2 822 3
821 3 822 3
823 1 824 3
823 2 824 3
823 3 824 3
825 1 826 3
825 2 826 3
825 3 826 3
827 1 828 3
827 2 828 3
827 3 828 3
829 1 830 3
829 2 830 3
829 3 830 3
831 1 832 3
831 2 832 3
831 3 832 3
833 1 834 3
833 2 834 3
833 3 834 3
835 1 836 3
835 2 836 3
835 3 836 3
837 1 838 3
837 2 838 3
837 3 838 3
839 1 840 3
839 2 840 3
839 3 840 3
841 1 842 3
841 2 842 3
841 3 842 3
843 1 844 3
843 2 844 3
843 3 844 3
845 1 846 3
845 2 846 3
845 3 846 3
847 1 848 3
847 2 848 3
847 3 848 3
849 1 850 3
849 2 850 3
849 3 850 3
851 1 852 3
851 2 852 3
851 3 852 3
853 1 854 3
853 2 854 3
853 3 854 3
855 1 856 3
855 2 856 3
855 3 856 3
857 1 858 3
857 2 858 3
857 3 858 3
859 1 860 3
859 2 860 3
859 3 860 3
861 1 862 3
861 2 862 3
861 3 862 3
863 1 864 3
863 2 864 3
863 3 864 3
865 1 866 3
865 2 866 3
865 3 866 3
867 1 868 3
867 2 868 3
867 3 868 3
869 1 870 3
869 2 870 3
869 3 870 3
871 1 872 3
871 2 872 3
871 3 872 3
873 1 874 3
873 2 874 3
873 3 874 3
875 1 876 3
875 2 876 3
875 3 876 3
877 1 878 3
877 2 878 3
877 3 878 3
879 1 880 3
879 2 880 3
879 3 880 3
881 1 882 3
881 2 882 3
881 3 882 3
883 1 884 3
883 2 884 3
883 3 884 3
885 1 886 3
885 2 886 3
885 3 886 3
887 1 888 3
887 2 888 3
887 3 888 3
889 1 890 3
889 2 890 3
889 3 890 3
891 1 892 3
891 2 892 3
891 3 892 3
893 1 894 3
893 2 894 3
893 3 894 3
895 1 896 3
895 2 896 3
895 3 896 3
897 1 898 3
897 2 898 3
897 3 898 3
899 1 900 3
899 2 900 3
899 3 900 3
901 1 902 3
901 2 902 3
901 3 902 3
903 1 904 3
903 2 904 3
903 3 904 3
905 1 906 3
905 2 906 3
905 3 906 3
907 1 908 3
907 2 908 3
907 3 908 3
909 1 910 3
909 2 910 3
909 3 910 3
911 1 912 3
911 2 912 3
911 3 912 3
913 1 914 3
913 2 914 3
913 3 914 3
915 1 916 3
915 2 916 3
915 3 916 3
917 1 918 3
917 2 918 3
917 3 918 3
919 1 920 3
919 2 920 3
919 3 920 3
921 1 922 3
921 2 922 3
921 3 922 3
923 1 924 3
923 2 924 3
923 3 924 3
925 1 926 3
925 2 926 3
925 3 926 3
927 1 928 3
927 2 928 3
927 3 928 3
929 1 930 3
929 2 930 3
929 3 930 3
931 1 932 3
931 2 932 3
931 3 932 3
933 1 934 3
933 2 934 3
933 3 934 3
935 1 936 3
935 2 936 3
935 3 936 3
937 1 938 3
937 2 938 3
937 3 938 3
939 1 940 3
939 2 940 3
939 3 940 3
941 1 942 3
941 2 942 3
941 3 942 3
943 1 944 3
943 2 944 3
943 3 944 3
945 1 946 3
945 2 946 3
945 3 946 3
947 1 948 3
947 2 948 3
947 3 948 3
949 1 950 3
949 2 950 3
949 3 950 3
951 1 952 3
951 2 952 3
951 3 952 3
953 1 954 3
953 2 954 3
953 3 954 3
955 1 956 3
955 2 956 3
955 3 956 3
957 1 958 3
957 2 958 3
957 3 958 3
959 1 960 3
959 2 960 3
959 3 960 3
961 1 962 3
961 2 962 3
961 3 962 3
963 1 964 3
963 2 964 3
963 3 964 3
965 1 966 3
965 2 966 3
965 3 966 3
967 1 968 3
967 2 968 3
967 3 968 3
969 1 970 3
969 2 970 3
969 3 970 3
971 1 972 3
971 2 972 3
971 3 972 3
973 1 974 3
973 2 974 3
973 3 974 3
975 1 976 3
975 2 976 3
975 3 976 3
977 1 978 3
977 2 978 3
977 3 978 3
979 1 980 3
979 2 980 3
979 3 980 3
981 1 982 3
981 2 982 3
981 3 982 3
983 1 984 3
983 2 984 3
983 3 984 3
985 1 986 3
985 2 986 3
985 3 986 3
987 1 988 3
987 2 988 3
987 3 988 3
989 1 990 3
989 2 990 3
989 3 990 3
991 1 992 3
991 2 992 3
991 3 992 3
993 1 994 3
993 2 994 3
993 3 994 3
995 1 996 3
995 2 996 3
995 3 996 3
997 1 998 3
997 2 998 3
997 3 998 3
999 1 1000 3
999 2 1000 3
999 3 1000 3
1001 1 1002 3
1001 2 1002 3
1001 3 1002 3
1003 1 1004 3
1003 2 1004 3
1003 3 1004 3
1005 1 1006 3
1005 2 1006 3
1005 3 1006 3
1007 1 1008 3
1007 2 1008 3
1007 3 1008 3
1009 1 1010 3
1009 2 1010 3
1009 3 1010 3
1011 1 1012 3
1011 2 1012 3
1011 3 1012 3
1013 1 1014 3
1013 2 1014 3
1013 3 1014 3
1015 1 1016 3
1015 2 1016 3
1015 3 1016 3
1017 1 1018 3
1017 2 1018 3
1017 3 1018 3
1019 1 1020 3
1019 2 1020 3
1019 3 1020 3
1021 1 1022 3
1021 2 1022 3
1021 3 1022 3
1023 1 1024 3
1023 2 1024 3
1023 3 1024 3
1025 1 1026 3
1025 2 1026 3
1025 3 1026 3
1027 1 1028 3
1027 2 1028 3
1027 3 1028 3
1029 1 1030 3
1029 2 1030 3
1029 3 1030 3
1031 1 1032 3
1031 2 1032 3
1031 3 1032 3
1033 1 1034 3
1033 2 1034 3
1033 3 1034 3
1035 1 1036 3
1035 2 1036 3
1035 3 1036 3
1037 1 1038 3
1037 2 1038 3
1037 3 1038 3
1039 1 1040 3
1039 2 1040 3
1039 3 1040 3
1041 1 1042 3
1041 2 1042 3
1041 3 1042 3
1043 1 1044 3
1043 2 1044 3
1043 3 1044 3
1045 1 1046 3
1045 2 1046 3
1045 3 1046 3
1047 1 1048 3
1047 2 1048 3
1047 3 1048 3
1049 1 1050 3
1049 2 1050 3
1049 3 1050 3
1051 1 1052 3
1051 2 1052 3
1051 3 1052 3
1053 1 1054 3
1053 2 1054 3
1053 3 1054 3
1055 1 1056 3
1055 2 1056 3
1055 3 1056 3
1057 1 1058 3
1057 2 1058 3
1057 3 1058 3
1059 1 1060 3
1059 2 1060 3
1059 3 1060 3
1061 1 1062 3
1061 2 1062 3
1061 3 1062 3
1063 1 1064 3
1063 2 1064 3
1063 3 1064 3
1065 1 1066 3
1065 2 1066 3
1065 3 1066 3
1067 1 1068 3
1067 2 1068 3
1067 3 1068 3
1069 1 1070 3
1069 2 1070 3
1069 3 1070 3
1071 1 1072 3
1071 2 1072 3
1071 3 1072 3
1073 1 1074 3
1073 2 1074 3
1073 3 1074 3
1075 1 1076 3
1075 2 1076 3
1075 3 1076 3
1077 1 1078 3
1077 2 1078 3
1077 3 1078 3
1079 1 1080 3
1079 2 1080 3
1079 3 1080 3
1081 1 1082 3
1081 2 1082 3
1081 3 1082 3
1083 1 1084 3
1083 2 1084 3
1083 3 1084 3
1085 1 1086 3
1085 2 1086 3
1085 3 1086 3
1087 1 1088 3
1087 2 1088 3
1087 3 1088 3
1089 1 1090 3
1089 2 1090 3
1089 3 1090 3
1091 1 1092 3
1091 2 1092 3
1091 3 1092 3
1093 1 1094 3
1093 2 1094 3
1093 3 1094 3
1095 1 1096 3
1095 2 1096 3
1095 3 1096 3
1097 1 1098 3
1097 2 1098 3
1097 3 1098 3
1099 1 1100 3
1099 2 1100 3
1099 3 1100 3
1101 1 1102 3
1101 2 1102 3
1101 3 1102 3
1103 1 1104 3
1103 2 1104 3
1103 3 1104 3
1105 1 1106 3
1105 2 1106 3
1105 3 1106 3
1107 1 1108 3
1107 2 1108 3
1107 3 1108 3
1109 1 1110 3
1109 2 1110 3
1109 3 1110 3
1111 1 1112 3
1111 2 1112 3
1111 3 1112 3
1113 1 1114 3
1113 2 1114 3
1113 3 1114 3
1115 1 1116 3
1115 2 1116 3
1115 3 1116 3
1117 1 1118 3
1117 2 1118 3
1117 3 1118 3
1119 1 1120 3
1119 2 1120 3
1119 3 1120 3
1121 1 1122 3
1121 2 1122 3
1121 3 1122 3
1123 1 1124 3
1123 2 1124 3
1123 3 1124 3
1125 1 1126 3
1125 2 1126 3
1125 3 1126 3
1127 1 1128 3
1127 2 1128 3
1127 3 1128 3
1129 1 1130 3
1129 2 1130 3
1129 3 1130 3
1131 1 1132 3
1131 2 1132 3
1131 3 1132 3
1133 1 1134 3
1133 2 1134 3
1133 3 1134 3
1135 1 1136 3
1135 2 1136 3
1135 3 1136 3
1137 1 1138 3
1137 2 1138 3
1137 3 1138 3
1139 1 1140 3
1139 2 1140 3
1139 3 1140 3
1141 1 1142 3
1141 2 1142 3
1141 3 1142 3
1143 1 1144 3
1143 2 1144 3
1143 3 1144 3
1145 1 1146 3
1145 2 1146 3
1145 3 1146 3
1147 1 1148 3
1147 2 1148 3
1147 3 1148 3
1149 1 1150 3
1149 2 1150 3
1149 3 1150 3
1151 1 1152 3
1151 2 1152 3
1151 3 1152 3
1153 1 1154 3
1153 2 1154 3
1153 3 1154 3
1155 1 1156 3
1155 2 1156 3
1155 3 1156 3
1157 1 1158 3
1157 2 1158 3
1157 3 1158 3
1159 1 1160 3
1159 2 1160 3
1159 3 1160 3
1161 1 1162 3
1161 2 1162 3
1161 3 1162 3
1163 1 1164 3
1163 2 1164 3
1163 3 1164 3
1165 1 1166 3
1165 2 1166 3
1165 3 1166 3
1167 1 1168 3
1167 2 1168 3
1167 3 1168 3
1169 1 1170 3
1169 2 1170 3
1169 3 1170 3
1171 1 1172 3
1171 2 1172 3
1171 3 1172 3
1173 1 1174 3
1173 2 1174 3
1173 3 1174 3
1175 1 1176 3
1175 2 1176 3
1175 3 1176 3
1177 1 1178 3
1177 2 1178 3
1177 3 1178 3
1179 1 1180 3
1179 2 1180 3
1179 3 1180 3
1181 1 1182 3
1181 2 1182 3
1181 3 1182 3
1183 1 1184 3
1183 2 1184 3
1183 3 1184 3
1185 1 1186 3
1185 2 1186 3
1185 3 1186 3
1187 1 1188 3
1187 2 1188 3
1187 3 1188 3
1189 1 1190 3
1189 2 1190 3
1189 3 1190 3
1191 1 1192 3
1191 2 1192 3
1191 3 1192 3
1193 1 1194 3
1193 2 1194 3
1193 3 1194 3
1195 1 1196 3
1195 2 1196 3
1195 3 1196 3
1197 1 1198 3
1197 2 1198 3
1197 3 1198 3
1199 1 1200 3
1199 2 1200 3
1199 3 1200 3
1201 1 1202 3
1201 2 1202 3
1201 3 1202 3
1203 1 1204 3
1203 2 1204 3
1203 3 1204 3
1205 1 1206 3
1205 2 1206 3
1205 3 1206 3
1207 1 1208 3
1207 2 1208 3
1207 3 1208 3
1209 1 1210 3
1209 2 1210 3
1209 3 1210 3
1211 1 1212 3
1211 2 1212 3
1211 3 1212 3
1213 1 1214 3
1213 2 1214 3
1213 3 1214 3
1215 1 1216 3
1215 2 1216 3
1215 3 1216 3
1217 1 1218 3
1217 2 1218 3
1217 3 1218 3
1219 1 1220 3
1219 2 1220 3
1219 3 1220 3
1221 1 1222 3
1221 2 1222 3
1221 3 1222 3
1223 1 1224 3
1223 2 1224 3
1223 3 1224 3
1225 1 1226 3
1225 2 1226 3
1225 3 1226 3
1227 1 1228 3
1227 2 1228 3
1227 3 1228 3
1229 1 1230 3
1229 2 1230 3
1229 3 1230 3
1231 1 1232 3
1231 2 1232 3
1231 3 1232 3
1233 1 1234 3
1233 2 1234 3
1233 3 1234 3
1235 1 1236 3
1235 2 1236 3
1235 3 1236 3
1237 1 1238 3
1237 2 1238 3
1237 3 1238 3
1239 1 1240 3
1239 2 1240 3
1239 3 1240 3
1241 1 1242 3
1241 2 1242 3
1241 3 1242 3
1243 1 1244 3
1243 2 1244 3
1243 3 1244 3
1245 1 1246 3
1245 2 1246 3
1245 3 1246 3
1247 1 1248 3
1247 2 1248 3
1247 3 1248 3
1249 1 1250 3
1249 2 1250 3
1249 3 1250 3
1251 1 1252 3
1251 2 1252 3
1251 3 1252 3
1253 1 1254 3
1253 2 1254 3
1253 3 1254 3
1255 1 1256 3
1255 2 1256 3
1255 3 1256 3
1257 1 1258 3
1257 2 1258 3
1257 3 1258 3
1259 1 1260 3
1259 2 1260 3
1259 3 1260 3
1261 1 1262 3
1261 2 1262 3
1261 3 1262 3
1263 1 1264 3
1263 2 1264 3
1263 3 1264 3
1265 1 1266 3
1265 2 1266 3
1265 3 1266 3
1267 1 1268 3
1267 2 1268 3
1267 3 1268 3
1269 1 1270 3
1269 2 1270 3
1269 3 1270 3
1271 1 1272 3
1271 2 1272 3
1271 3 1272 3
1273 1 1274 3
1273 2 1274 3
1273 3 1274 3
1275 1 1276 3
1275 2 1276 3
1275 3 1276 3
1277 1 1278 3
1277 2 1278 3
1277 3 1278 3
1279 1 1280 3
1279 2 1280 3
1279 3 1280 3
1281 1 1282 3
1281 2 1282 3
1281 3 1282 3
1283 1 1284 3
1283 2 1284 3
1283 3 1284 3
1285 1 1286 3
1285 2 1286 3
1285 3 1286 3
1287 1 1288 3
1287 2 1288 3
1287 3 1288 3
