219 215 297
121 125 517
247 155 518
228 208 329
166 353 403
274 218 581
201 200 704
268 389 421
152 247 518
87 88 368
239 151 344
230 229 299
239 158 597
259 369 432
318 273 446
158 406 407
360 163 546
165 262 362
155 247 529
242 189 318
23 24 650
301 161 540
258 350 613
122 129 620
189 273 318
147 336 337
62 63 340
140 121 517
150 348 396
259 147 369
163 360 594
333 206 387
170 197 215
162 295 360
339 2 361
449 214 540
293 199 374
41 42 654
164 271 508
244 278 392
200 201 437
150 347 348
250 188 288
215 219 512
380 453 688
375 164 604
385 142 484
397 18 419
422 313 525
146 266 583
306 217 453
469 542 657
242 318 414
144 202 412
302 364 390
16 17 351
261 366 590
348 246 396
1 2 339
17 18 397
158 173 597
11 12 380
433 227 611
255 152 518
262 165 398
128 122 620
323 314 580
383 213 416
185 200 437
160 167 595
234 372 434
224 300 494
134 418 561
437 163 459
81 483 637
177 443 512
265 40 631
200 185 672
147 337 369
199 293 623
337 336 621
433 207 555
268 202 329
472 255 550
161 301 479
396 246 480
57 58 370
75 76 424
326 149 354
208 228 330
172 241 690
249 313 422
362 463 535
337 291 369
346 148 623
194 263 411
284 372 538
434 284 701
26 27 377
152 472 494
272 397 419
40 1 631
529 247 598
163 283 617
443 170 512
456 265 457
80 41 447
196 454 631
290 333 588
197 346 623
18 19 419
169 176 203
22 23 401
364 156 400
220 219 280
309 234 541
321 269 530
440 41 593
212 275 409
151 239 358
236 305 379
225 274 497
58 59 452
200 248 328
312 159 450
304 282 498
272 221 397
341 449 540
157 320 322
37 38 409
347 245 348
233 377 568
276 127 620
125 327 517
227 433 555
240 156 407
386 228 495
175 178 527
351 17 397
90 91 392
238 310 565
419 19 567
249 355 586
324 246 435
254 334 600
54 55 388
258 151 350
343 134 561
274 225 411
282 304 706
220 441 557
168 323 580
220 280 643
149 326 428
229 260 299
453 217 688
145 365 513
52 53 414
179 339 361
213 159 416
319 221 489
560 290 588
173 158 320
182 301 700
210 209 539
152 255 472
483 386 637
425 286 427
154 253 335
287 396 480
331 165 535
61 62 500
334 198 600
376 130 433
202 144 708
232 309 541
265 454 457
257 360 601
259 432 609
221 319 393
175 527 546
233 268 421
271 472 550
179 361 428
230 299 356
206 333 504
355 249 563
176 166 178
316 218 378
285 425 427
212 383 416
247 192 598
3 434 701
189 242 544
326 354 531
272 281 426
539 202 708
87 368 462
288 511 596
134 343 630
261 226 366
2 3 701
46 47 415
526 477 700
244 392 481
281 272 419
273 189 405
195 564 709
391 145 448
22 401 625
129 376 620
378 218 656
310 238 402
7 8 422
264 475 510
410 206 504
64 65 413
158 407 461
247 152 493
14 15 395
542 313 657
350 151 358
125 126 327
352 249 422
280 219 424
301 182 479
454 196 646
431 141 497
283 319 602
69 70 458
48 49 417
288 188 511
95 96 420
129 130 376
355 174 586
676 179 712
234 434 469
368 88 464
441 177 557
427 81 473
468 160 595
283 257 319
134 135 418
261 289 628
242 414 486
382 238 565
289 146 583
156 364 628
81 427 483
376 433 611
439 231 579
508 271 684
230 485 676
206 285 387
521 194 561
327 126 513
156 240 400
287 364 400
556 488 711
252 439 579
271 164 491
322 320 461
164 375 408
289 261 590
270 177 441
253 154 375
275 212 416
370 58 452
375 604 687
278 244 559
489 161 602
55 56 444
308 475 632
253 160 335
364 205 390
165 331 636
360 295 601
71 72 466
291 399 678
179 428 665
4 5 469
268 329 641
221 272 489
234 469 657
393 319 671
220 440 441
290 449 627
654 42 669
167 385 484
159 312 642
380 12 453
475 264 632
316 378 564
434 4 469
576 343 710
342 244 481
229 676 712
148 383 457
345 162 360
132 307 571
253 375 687
352 422 578
281 419 567
365 311 692
185 459 477
61 500 591
28 29 423
300 224 358
222 522 606
377 256 568
311 533 565
127 276 448
375 154 408
96 97 436
312 168 522
463 155 535
165 362 535
3 4 434
142 314 323
218 274 429
24 325 650
390 205 391
490 412 568
372 284 434
356 573 591
362 232 463
488 171 711
410 20 503
161 341 540
26 377 421
231 308 632
398 189 544
230 251 485
40 265 456
331 172 442
127 128 620
157 337 621
387 285 474
409 38 659
81 82 473
280 424 514
228 329 706
428 326 665
636 405 664
82 83 474
452 59 573
485 196 631
150 396 545
310 235 311
354 180 531
137 138 357
50 51 446
533 143 565
178 166 527
391 205 502
329 202 651
197 170 346
402 138 554
12 13 453
604 236 687
352 528 707
183 426 634
191 231 632
346 213 383
192 241 598
143 378 656
431 188 680
338 222 655
528 267 707
196 485 663
227 302 390
62 340 500
165 636 664
362 262 624
430 217 556
329 208 641
39 40 456
163 437 546
221 393 698
486 388 697
193 496 645
565 143 656
449 183 627
73 74 487
242 486 697
30 31 451
210 186 211
333 387 644
402 238 645
345 360 546
198 334 658
115 116 499
35 36 467
276 390 391
400 240 545
305 430 556
219 297 424
527 345 546
228 304 495
365 327 513
200 328 704
267 430 707
319 257 671
246 348 435
472 332 494
426 281 634
357 496 699
206 410 503
307 343 576
246 204 480
24 25 389
172 529 598
86 87 462
322 291 337
144 412 490
162 345 403
11 380 478
263 521 543
177 363 443
388 55 444
177 270 363
279 220 643
330 386 483
287 205 364
357 138 402
262 398 626
285 473 474
208 330 622
313 249 586
354 262 626
325 24 389
382 429 543
275 394 693
135 136 675
169 167 176
320 158 461
184 355 563
219 220 557
263 194 521
395 15 445
480 204 502
478 267 528
573 60 591
354 149 465
360 257 594
20 410 567
234 309 372
204 246 532
302 261 628
477 243 672
561 194 710
44 45 475
311 235 692
381 231 654
16 351 445
262 465 624
392 91 481
192 270 441
33 34 470
236 379 674
231 191 579
440 279 447
339 179 676
442 191 607
42 43 669
158 239 406
325 268 641
251 230 356
141 431 680
217 306 488
260 229 519
195 482 564
218 429 656
172 331 529
461 407 583
412 202 618
390 276 611
414 53 486
317 468 595
221 351 397
454 148 457
330 228 386
205 287 480
1 485 631
243 477 526
88 89 464
164 408 491
394 359 693
293 374 507
148 346 383
406 240 407
424 76 514
283 163 594
358 224 649
20 21 503
15 16 445
119 120 495
404 409 659
344 151 647
308 231 381
138 139 554
174 355 550
91 92 481
203 178 384
295 162 570
511 317 596
7 422 525
143 324 378
90 392 492
305 236 604
170 215 512
611 276 620
266 461 583
333 290 627
97 98 574
459 182 477
415 264 510
186 169 211
268 325 389
19 20 567
93 94 476
367 236 570
25 26 421
449 341 652
257 283 594
59 60 573
361 2 701
224 332 408
351 237 445
131 132 571
223 349 470
126 127 448
450 159 534
250 288 432
264 415 691
575 312 648
229 230 676
448 145 513
473 82 474
359 223 470
369 250 432
137 357 699
178 175 201
319 489 602
205 480 502
226 576 710
369 291 678
446 273 501
249 352 563
199 454 646
10 11 478
427 286 483
422 8 578
396 287 545
79 80 681
130 131 703
531 198 547
454 265 631
263 274 411
430 184 707
415 277 691
442 190 636
188 482 511
404 456 457
444 56 549
21 425 503
312 450 648
435 348 592
485 251 663
56 57 549
485 339 676
679 399 680
564 153 709
293 197 623
376 611 620
488 558 673
310 311 565
588 333 644
365 145 696
417 273 667
46 415 510
285 206 639
324 143 533
277 417 667
146 289 590
433 130 703
89 90 492
67 68 507
496 357 645
430 267 688
276 391 448
251 356 500
309 232 624
584 154 613
192 247 530
246 324 532
592 153 686
500 356 591
572 216 621
133 134 630
241 172 598
27 28 471
314 142 603
477 182 700
53 54 486
136 496 675
190 442 607
237 351 698
9 10 528
63 64 455
262 354 465
417 49 501
341 161 569
225 438 689
261 555 661
159 213 534
311 365 685
334 444 549
217 430 688
454 199 623
174 550 552
235 310 554
239 344 406
226 261 661
6 7 525
307 132 668
544 242 585
420 96 436
233 412 618
411 225 635
453 13 566
338 451 702
117 118 498
57 370 549
291 181 399
274 263 429
506 280 514
418 521 561
54 388 486
14 395 566
241 192 252
385 169 562
584 350 649
550 255 552
310 402 554
209 282 706
415 47 551
75 424 553
399 141 680
377 27 471
52 414 582
356 299 573
48 417 551
47 48 551
248 420 436
383 212 457
188 431 482
465 309 624
210 211 298
193 521 675
583 156 628
174 541 657
412 233 568
586 174 657
459 163 617
641 208 650
298 112 599
37 409 577
394 275 416
334 254 444
273 405 667
189 398 664
332 224 494
13 14 566
113 114 599
191 442 690
49 50 501
443 216 460
145 391 502
512 219 557
484 142 609
539 209 651
287 400 545
86 462 560
187 490 568
449 290 589
361 284 428
43 44 612
28 423 471
401 208 622
78 79 505
377 233 421
36 37 577
170 443 460
436 97 574
300 173 321
85 86 560
389 25 421
278 464 492
45 46 510
194 523 710
126 448 513
60 61 591
482 195 511
201 175 437
472 271 491
123 133 668
346 170 460
290 462 589
508 305 604
51 52 582
202 268 618
286 425 605
410 504 634
223 359 394
379 305 556
222 606 655
401 23 650
379 556 711
31 32 509
21 22 605
83 84 644
350 584 613
84 85 588
403 345 527
404 212 409
5 6 542
446 51 582
592 245 709
408 154 584
185 477 672
464 89 492
498 282 524
522 168 606
326 531 547
29 30 608
488 306 558
300 358 597
273 417 501
142 323 609
462 290 560
522 222 616
261 302 555
161 479 602
155 463 518
292 197 293
493 152 494
521 193 543
279 371 447
171 488 673
232 541 552
204 685 696
291 322 670
95 420 695
256 187 568
8 9 578
50 446 501
264 607 632
238 382 543
80 447 681
366 226 523
382 565 656
69 458 536
64 413 455
357 402 645
180 544 585
555 207 661
10 478 528
149 428 538
506 505 643
335 160 468
367 253 687
463 232 552
139 140 633
120 81 637
70 71 537
65 66 515
207 433 703
6 525 542
213 346 460
474 83 644
206 503 639
151 258 677
173 269 321
440 252 441
395 306 566
241 252 579
540 214 587
132 123 668
368 214 589
544 180 626
207 571 576
464 278 629
285 427 473
30 451 608
476 94 695
237 395 445
38 39 659
467 36 577
347 150 647
244 526 700
180 354 626
44 475 612
296 210 298
525 313 542
408 332 491
343 307 630
282 210 296
72 73 548
348 245 592
77 78 506
426 183 652
1 339 485
268 233 618
244 342 526
124 137 699
161 489 569
84 588 644
43 612 669
292 458 537
481 92 638
313 586 657
74 75 553
425 285 639
489 272 569
327 365 692
85 560 588
521 418 675
136 124 699
423 29 608
336 147 450
118 119 682
142 385 603
256 423 655
502 204 696
92 93 638
168 312 575
266 146 670
370 260 658
469 5 542
223 522 616
355 184 684
317 315 468
331 442 636
76 77 514
380 267 478
9 528 578
299 260 452
495 120 637
529 331 535
94 95 695
214 368 629
301 559 700
532 324 533
169 203 211
66 67 516
116 117 524
32 33 640
194 411 523
336 572 621
236 367 687
235 517 692
295 674 711
466 292 537
475 45 510
297 215 303
144 490 603
430 305 694
153 564 686
68 69 536
451 31 509
259 323 575
35 467 660
212 404 457
181 670 689
150 545 662
340 63 455
306 395 558
306 453 566
187 256 655
301 540 587
343 561 710
71 466 537
33 470 640
497 274 581
195 315 317
260 370 452
217 488 556
141 399 653
215 292 303
496 193 675
159 394 416
238 543 645
328 248 436
178 201 384
297 303 487
173 300 597
182 459 617
247 493 530
439 252 440
299 452 573
355 271 550
505 79 681
144 562 708
34 35 660
198 519 547
495 304 682
570 236 674
303 292 466
350 358 649
282 296 499
305 508 694
503 425 639
93 476 638
470 34 660
392 278 492
266 322 461
154 335 613
344 240 406
395 237 558
39 456 659
364 302 628
393 237 698
300 493 494
302 227 555
685 365 696
610 225 689
351 221 698
292 293 458
423 338 655
232 362 624
425 21 605
277 667 691
543 193 645
418 135 675
562 144 603
458 70 537
224 408 584
294 413 614
405 189 664
405 190 667
293 507 536
258 468 520
479 182 617
289 583 628
429 263 543
462 368 589
499 116 524
114 115 615
202 539 651
222 338 702
466 72 548
329 209 706
198 531 600
254 388 444
214 449 589
410 281 567
270 269 363
517 327 692
607 191 632
684 184 694
183 449 652
547 519 712
181 291 670
325 641 650
271 355 684
323 168 575
190 405 636
490 187 580
278 559 587
387 474 644
653 181 689
335 258 613
522 223 642
73 487 548
429 382 656
258 520 677
526 342 666
437 175 546
208 401 650
190 607 691
476 342 638
227 390 611
504 333 627
562 186 708
146 610 689
483 286 622
498 118 682
570 162 619
394 159 642
300 321 493
487 74 553
162 403 619
674 379 711
179 547 712
541 234 657
426 341 569
541 174 552
304 228 706
366 523 635
606 187 655
342 476 666
257 601 671
195 317 511
353 253 367
576 226 661
585 254 600
413 65 515
223 394 642
399 181 653
186 210 539
353 367 619
225 610 635
297 487 553
256 377 471
435 592 686
153 592 709
237 393 673
368 464 629
523 411 635
184 563 707
231 593 654
509 349 702
517 235 633
607 264 691
431 497 581
245 315 709
531 180 600
164 508 604
309 465 705
509 32 640
295 570 674
334 370 658
484 288 596
465 149 705
119 495 682
260 519 658
267 380 688
571 307 576
255 463 552
559 301 587
284 361 701
207 576 661
532 533 685
280 506 643
277 415 551
460 216 572
67 507 516
534 213 572
417 277 551
371 279 643
420 248 683
150 344 647
612 381 669
148 454 623
523 226 710
281 410 634
342 481 638
272 426 569
146 590 610
251 340 663
341 426 652
78 505 506
188 250 679
407 156 583
378 324 686
349 509 640
381 654 669
349 616 702
180 585 600
432 288 484
209 329 651
294 614 646
254 585 697
336 450 534
115 499 615
373 476 695
218 316 581
211 203 384
468 315 520
149 538 705
463 255 518
414 318 582
528 352 578
398 165 664
318 446 582
315 245 520
372 309 705
428 284 538
647 151 677
117 498 524
571 207 703
442 172 690
140 517 633
388 254 697
294 340 455
579 191 690
278 587 629
243 526 666
283 479 617
245 347 520
349 223 616
315 195 709
558 237 673
241 579 690
547 179 665
340 294 663
423 256 471
235 554 633
496 136 699
563 352 707
505 371 643
670 146 689
167 484 596
519 229 712
398 544 626
393 671 673
77 506 514
338 423 608
286 605 625
183 504 627
424 297 553
559 244 700
323 259 609
332 472 491
580 187 606
316 431 581
259 575 648
196 294 646
504 183 634
336 534 572
409 275 577
275 467 577
243 373 683
282 499 524
294 196 663
258 335 468
508 684 694
420 373 695
184 430 694
520 347 677
177 512 557
595 167 596
507 68 536
213 460 572
373 243 666
166 403 527
622 286 625
176 178 203
240 344 662
250 369 678
456 404 659
564 378 686
370 334 549
476 373 666
403 353 619
344 150 662
169 186 562
667 190 691
133 630 668
248 672 683
363 216 443
515 66 516
545 240 662
601 171 671
296 298 599
587 214 629
479 283 602
475 308 612
672 243 683
601 295 711
374 515 516
431 316 482
171 601 711
224 584 649
630 307 668
322 266 670
451 338 608
482 316 564
308 381 612
340 251 500
451 509 702
328 436 574
599 114 615
610 366 635
439 440 593
373 420 683
371 505 681
585 242 697
155 529 535
467 359 660
458 293 536
413 515 614
314 490 580
326 547 665
438 653 689
470 349 640
359 470 660
324 435 686
204 532 685
131 571 703
168 580 606
467 275 693
490 314 603
145 502 696
616 222 702
358 239 597
250 678 679
450 147 648
515 374 614
330 483 622
413 294 455
605 22 625
533 311 685
386 495 637
359 467 693
519 198 658
554 139 633
304 498 682
188 679 680
671 171 673
312 522 642
590 366 610
538 372 705
401 622 625
432 484 609
186 539 708
493 321 530
447 371 681
317 595 596
487 303 548
303 466 548
385 562 603
678 399 679
367 570 619
374 199 614
347 647 677
507 374 516
614 199 646
499 296 615
296 599 615
41 440 447
593 41 654
98 99 574
99 100 704
99 328 574
328 99 704
100 101 704
101 102 704
102 103 201
102 201 704
103 104 384
201 103 384
104 105 384
105 106 384
106 107 384
107 108 384
108 109 211
108 211 384
109 110 211
110 111 298
211 110 298
111 112 298
112 113 599
141 438 497
438 141 653
147 259 648
157 269 320
269 157 363
157 322 337
363 157 621
160 166 176
166 160 353
167 160 176
160 253 353
167 169 385
269 173 320
185 437 459
252 192 441
270 192 530
215 197 292
248 200 672
209 210 282
216 363 621
220 279 440
438 225 497
231 439 593
269 270 530
